0
2.24
0
0
2.24
0
0
2.201937
0.1035353
0
2.126953
0.3137265
0
2.126953
0.3137265
0
2.016156
0.6399481
0
1.87062
1.086712
0
1.877482
1.577659
0
1.877482
1.577659
0
1.870344
2.188151
0
1.825969
2.911674
0
1.823098
3.706403
0
1.810236
4.611669
0
1.810236
4.611669
0
1.813502
5.598857
0
1.802348
6.688725
0
1.816872
7.853476
0
1.810916
9.11995
0
1.810916
9.11995
0
1.836126
10.45692
0
1.835398
11.89177
0
1.868831
13.39527
0
1.868831
13.39527
0
1.871777
14.99064
0
1.909582
16.65224
0
1.913693
18.33381
0
1.913693
18.33381
0
1.951305
20.00622
0
1.953726
21.6946
0
1.986658
23.3768
0
1.984773
25.07071
0
2.009389
26.7599
0
2.009389
26.7599
0
2.001319
28.45708
0
2.015473
30.1492
0
2.015473
30.1492
0
2.000425
31.84682
0
2.003831
33.53731
0
1.982252
35.23244
0
1.976534
36.91702
0
1.976534
36.91702
0
1.950026
38.60721
0
1.938432
40.28264
0
1.909472
41.96628
0
1.896293
43.63096
0
1.896293
43.63096
0
1.867793
45.30763
0
1.857601
46.96185
0
1.832392
48.63236
0
1.832392
48.63236
0
1.829229
50.27829
0
1.809559
51.94454
0
1.816217
53.5858
0
1.816217
53.5858
0
1.803348
55.25046
0
1.820877
56.89152
0
1.814862
58.55752
0
1.84238
60.20288
0
1.84238
60.20288
0
1.842058
61.87292
0
1.876907
63.52631
0
1.880103
65.20239
0
1.880103
65.20239
0
1.918325
66.86611
0
1.92224
68.54915
0.001910479
1.959277
70.22368
0.01135092
1.960984
71.91334
0.01135092
1.960984
71.91334
0.03678363
1.992486
73.59723
0.08223679
1.989447
75.29202
0.1513589
2.012042
76.98216
0.1513589
2.012042
76.98216
0.2345227
2.002561
78.67966
0.3267842
2.014467
80.37181
0.4232474
1.998002
82.06912
0.4232474
1.998002
82.06912
0.5168176
1.999345
83.75871
0.6068581
1.976593
85.45299
0.6068581
1.976593
85.45299
0.6955927
1.969368
87.1359
0.7888699
1.942138
88.82484
0.8904592
1.929854
90.49815
1.005069
1.900748
92.18037
1.135474
1.887817
93.8429
1.135474
1.887817
93.8429
1.291254
1.859776
95.51826
1.473587
1.850739
97.17078
1.688671
1.826525
98.84039
1.688671
1.826525
98.84039
1.938405
1.825246
100.4856
2.231847
1.806951
102.1516
2.231847
1.806951
102.1516
2.568194
1.815923
103.7935
2.958432
1.804584
105.4589
3.397441
1.824464
107.1022
3.896699
1.819862
108.7698
3.896699
1.819862
108.7698
4.454097
1.849328
110.4189
5.081815
1.850024
112.0913
5.77294
1.886005
113.7494
6.538749
1.889588
115.428
7.369064
1.927827
117.0965
7.369064
1.927827
117.0965
8.268891
1.931371
118.7814
9.230578
1.96723
120.4596
9.230578
1.96723
120.4596
10.25609
1.967836
122.1499
11.32094
1.997171
123.8356
12.39149
1.992563
125.5295
12.39149
1.992563
125.5295
13.45951
2.012561
127.2192
14.5312
2.001389
128.9148
15.5953
2.010751
130.6053
16.65763
1.99278
132.3002
16.65763
1.99278
132.3002
17.70631
1.992093
133.9877
18.7519
1.968293
135.6795
19.7896
1.959902
137.3607
19.7896
1.959902
137.3607
20.82071
1.932265
139.0477
21.83871
1.919904
140.7205
22.8662
1.891097
142.4018
23.88742
1.879149
144.0656
23.88742
1.879149
144.0656
24.92491
1.852038
145.7412
25.95431
1.844844
147.397
26.9977
1.822016
149.0681
26.9977
1.822016
149.0681
28.03669
1.823086
150.7183
29.09127
1.806361
152.3868
30.13073
1.817756
154.0347
31.17739
1.807896
155.7029
31.17739
1.807896
155.7029
32.20347
1.829855
157.3521
33.23825
1.826391
159.0224
34.26744
1.857225
160.6767
34.26744
1.857225
160.6767
35.31807
1.858511
162.3513
36.36526
1.894943
164.0134
37.42714
1.898521
165.6935
38.48334
1.936329
167.3645
38.48334
1.936329
167.3645
39.53879
1.939352
169.0503
40.58594
1.974087
170.73
41.63564
1.973791
172.4209
42.67812
2.001504
174.1074
42.67812
2.001504
174.1074
43.71661
1.995713
175.8018
44.74805
2.013723
177.4921
45.77826
2.001231
179.1878
45.77826
2.001231
179.1878
46.79857
2.008565
180.8781
47.81569
1.989362
182.5726
48.82356
1.986948
184.2592
48.82356
1.986948
184.2592
49.82268
1.962219
185.9503
50.80698
1.952734
187.63
51.77533
1.924655
189.3159
51.77533
1.924655
189.3159
52.71462
1.912061
190.9866
53.62782
1.883427
192.6665
54.5035
1.872253
194.3277
55.35129
1.845952
196.0018
56.16168
1.840445
197.6545
56.16168
1.840445
197.6545
56.94801
1.818927
199.324
57.69907
1.822305
200.971
57.69907
1.822305
200.971
58.42921
1.807162
202.638
59.12678
1.821054
204.283
59.80574
1.812742
205.9502
59.80574
1.812742
205.9502
60.44651
1.836929
207.5973
61.05719
1.834723
209.2671
61.62513
1.867188
210.92
62.1557
1.869266
212.5948
62.63922
1.906485
214.2564
62.63922
1.906485
214.2564
63.07526
1.910245
215.9375
63.45611
1.947826
217.6091
63.45611
1.947826
217.6091
63.77694
1.950351
219.2968
64.03404
1.9838
220.9781
64.22537
1.982363
222.6714
64.22537
1.982363
222.6714
64.34432
2.007882
224.36
64.39731
2.000453
226.0507
64.39144
2.015668
227.7302
64.33289
2.001302
229.4092
64.33289
2.001302
229.4092
64.23163
2.005722
231.0764
64.09486
1.984735
232.7562
63.92862
1.979811
234.4321
63.72935
1.95371
236.1196
63.72935
1.95371
236.1196
63.49044
1.942579
237.7962
63.20779
1.9138
239.4806
62.88105
1.900737
241.1469
62.50443
1.872207
242.8246
62.50443
1.872207
242.8246
62.07708
1.861853
244.4811
61.58942
1.836476
246.153
61.04682
1.83301
247.802
61.04682
1.83301
247.802
60.43325
1.813127
249.4702
59.75756
1.819495
251.1158
59.00689
1.806446
252.783
59.00689
1.806446
252.783
58.19695
1.823758
254.4295
57.31493
1.817609
256.0984
56.3774
1.844958
257.7498
56.3774
1.844958
257.7498
55.37117
1.84452
259.4225
54.32303
1.879181
261.0816
53.26262
1.88219
262.7594
53.26262
1.88219
262.7594
52.2087
1.920012
264.4269
51.14458
1.923609
266.1105
50.08498
1.96008
267.7869
50.08498
1.96008
267.7869
49.0174
1.961394
269.476
47.95294
1.992267
271.1601
46.88271
1.988831
272.8533
45.81506
2.010853
274.5425
45.81506
2.010853
274.5425
44.74345
2.001048
276.2379
43.67483
2.012538
277.9286
42.60339
1.995873
279.6238
41.5362
1.997023
281.3122
41.5362
1.997023
281.3122
40.46641
1.974227
283.0048
39.40281
1.967063
284.6875
38.34029
1.93995
286.3756
38.34029
1.93995
286.3756
37.29504
1.927953
288.0502
36.25067
1.899094
289.7325
35.21826
1.886633
291.3981
35.21826
1.886633
291.3981
34.18904
1.858927
293.0747
33.17627
1.850437
294.7317
32.15893
1.826575
296.4034
31.15883
1.825804
298.054
31.15883
1.825804
298.054
30.13905
1.807807
299.7227
29.12774
1.817163
301.3704
28.09956
1.806006
303.0383
28.09956
1.806006
303.0383
27.07456
1.826059
304.6869
26.03072
1.821499
306.3567
24.9958
1.850911
308.0098
23.94236
1.851517
309.6835
23.94236
1.851517
309.6835
22.89286
1.887297
311.344
21.83166
1.890729
313.0229
20.77652
1.928737
314.6923
20.77652
1.928737
314.6923
19.71163
1.932147
316.3771
18.6509
1.967862
318.0553
17.58266
1.968413
319.7454
16.51734
1.997723
321.4309
15.44667
1.993085
323.1248
15.44667
1.993085
323.1248
14.37857
2.013014
324.8147
13.30684
2.001781
326.5103
13.30684
2.001781
326.5103
12.23827
2.01102
328.201
11.16702
1.992955
329.8958
10.10038
1.992095
331.5834
9.035506
1.968172
333.2751
9.035506
1.968172
333.2751
7.986117
1.959577
334.9564
6.928791
1.93181
336.6433
5.875915
1.91927
338.3162
5.875915
1.91927
338.3162
4.81333
1.890377
339.9974
3.76173
1.878347
341.6611
2.702675
1.851221
343.3367
1.656172
1.844061
344.9924
1.656172
1.844061
344.9924
0.6043703
1.821284
346.6634
-0.4297878
1.822483
348.3134
-1.471113
1.805863
349.9818
-1.471113
1.805863
349.9818
-2.490769
1.817431
351.6293
-3.518685
1.807683
353.2974
-3.518685
1.807683
353.2974
-4.52772
1.829798
354.9464
-5.54408
1.826423
356.6166
-6.548517
1.857393
358.2707
-7.559676
1.858765
359.9452
-7.559676
1.858765
359.9452
-8.554433
1.895311
361.607
-9.554708
1.898948
363.287
-10.54605
1.936816
364.9579
-11.53241
1.939836
366.6438
-11.53241
1.939836
366.6438
-12.50018
1.974496
368.3233
-13.44716
1.974099
370.0144
-14.37078
2.001576
371.7009
-14.37078
2.001576
371.7009
-15.26252
1.995572
373.3955
-16.12373
2.01317
375.0858
-16.95385
2.000377
376.7818
-16.95385
2.000377
376.7818
-17.75485
2.007199
378.472
-18.52629
1.987661
380.1668
-19.26939
1.984737
381.8529
-19.98515
1.959702
383.5439
-20.67302
1.9498
385.2225
-20.67302
1.9498
385.2225
-21.33629
1.921496
386.908
-21.33629
1.921496
386.908
-21.97006
1.908621
388.5769
-22.57457
1.879847
390.2559
-23.14076
1.868512
391.9145
-23.67253
1.842146
393.5872
-23.67253
1.842146
393.5872
-24.15534
1.836595
395.2368
-24.59447
1.815091
396.9046
-24.97999
1.818555
398.5479
-24.97999
1.818555
398.5479
-25.3123
1.80351
400.2131
-25.58189
1.817608
401.8542
-25.79849
1.809461
403.5197
-25.96568
1.83392
405.1634
-25.96568
1.83392
405.1634
-26.09685
1.831892
406.8319
-26.19546
1.864607
408.4824
-26.2684
1.866832
410.1564
-26.31994
1.904234
411.8165
-26.35565
1.908096
413.4972
-26.35565
1.908096
413.4972
-26.38274
1.945801
415.1682
-26.40726
1.948409
416.8556
-26.40726
1.948409
416.8556
-26.43092
1.981993
418.5365
-26.45379
1.980668
420.2297
-26.47586
2.006402
421.918
-26.47586
2.006402
421.918
-26.49715
1.999149
423.6147
-26.5177
2.014695
425.3064
-26.53749
2.000572
427.004
-26.56098
2.005408
428.6885
-26.59246
1.984706
430.3715
-26.59246
1.984706
430.3715
-26.63865
1.980247
432.0343
-26.70474
1.954447
433.6947
-26.70474
1.954447
433.6947
-26.7984
1.943784
435.3284
-26.92157
1.915284
436.9735
-27.07758
1.902608
438.6083
-27.07758
1.902608
438.6083
-27.27548
1.874288
440.2671
-27.51546
1.864187
441.9106
-27.8037
1.838911
443.5759
-28.13808
1.835504
445.224
-28.13808
1.835504
445.224
-28.52999
1.815593
446.8918
-28.9758
1.821832
448.5362
-28.9758
1.821832
448.5362
-29.48902
1.808656
450.2028
-30.06344
1.825743
451.8478
-30.71231
1.819438
453.516
-31.4259
1.84656
455.1659
-31.4259
1.84656
455.1659
-32.21407
1.845979
456.8321
-33.06331
1.880461
458.4776
-33.98289
1.883401
460.1369
-33.98289
1.883401
460.1369
-34.9591
1.921223
461.7752
-35.99532
1.908976
463.4246
-37.05023
1.859068
465.0693
-38.10156
1.772358
466.7093
-38.10156
1.772358
466.7093
-39.14488
1.649683
468.3383
-40.18452
1.491868
469.9625
-41.22044
1.299724
471.5816
-42.25249
1.07406
473.1955
-43.28061
0.8156834
474.804
-43.28061
0.8156834
474.804
-44.30169
0.5254058
476.4008
-45.31731
0.204045
477.9781
-45.31731
0.204045
477.9781
-46.32413
-0.1475716
479.5236
-47.32635
-0.5286055
481.0321
-48.31953
-0.9382063
482.498
-49.29489
-1.375511
483.9198
-50.24837
-1.839645
485.2985
-51.17596
-2.329723
486.6353
-52.07525
-2.844851
487.9312
-52.94697
-3.384128
489.1871
-53.79183
-3.946651
490.4042
-54.61056
-4.531517
491.5834
-55.40387
-5.137827
492.7258
-56.17245
-5.764692
493.8324
-56.91703
-6.411235
494.9041
-57.63828
-7.076598
495.9421
-58.33692
-7.759946
496.9472
-59.01363
-8.460469
497.9205
-59.66912
-9.177391
498.8631
-60.30408
-9.909973
499.7759
-60.91918
-10.65751
500.6599
-61.51512
-11.41936
501.5163
-62.09258
-12.19489
502.3459
-62.65221
-12.98354
503.1497
-63.19468
-13.78481
503.9289
-63.72063
-14.59822
504.6842
-64.2307
-15.42338
505.4167
-64.72549
-16.2599
506.1272
-65.2056
-17.10748
506.8167
-65.67162
-17.96585
507.4861
-66.12408
-18.83478
508.1361
-66.56351
-19.71411
508.7675
-66.99042
-20.60367
509.3811
-67.40527
-21.50336
509.9776
-67.8085
-22.41309
510.5576
-68.20053
-23.3328
511.1217
-68.58175
-24.26244
511.6705
-68.9525
-25.20199
512.2045
-69.31311
-26.15141
512.7241
-69.66388
-27.11068
513.2298
-70.00507
-28.07977
513.7219
-70.33691
-29.05863
514.2008
-70.65965
-30.04723
514.6667
-70.97343
-31.04547
515.1199
-71.27847
-32.05327
515.5607
-71.57491
-33.07051
515.9891
-71.86288
-34.09703
516.4055
-72.14251
-35.13267
516.8098
-72.41392
-36.17722
517.2023
-72.67722
-37.23042
517.5831
-72.93251
-38.29202
517.9524
-73.1799
-39.36171
518.3101
-73.41951
-40.43916
518.6564
-73.65143
-41.52402
518.9915
-73.87578
-42.61593
519.3156
-74.09268
-43.71448
519.6286
-74.30229
-44.81926
519.9309
-74.50474
-45.92986
520.2227
-74.70018
-47.04586
520.5042
-74.8888
-48.16683
520.7755
-75.07079
-49.29235
521.0371
-75.24633
-50.42202
521.2891
-75.41566
-51.55545
521.532
-75.57897
-52.69225
521.7661
-75.73653
-53.8321
521.9916
-75.88857
-54.97465
522.209
-76.03535
-56.11963
522.4187
-76.17714
-57.26679
522.6211
-76.31419
-58.41591
522.8166
-76.44676
-59.56681
523.0057
-76.57513
-60.71937
523.1887
-76.69957
-61.87348
523.366
-76.8203
-63.02909
523.5381
-76.93761
-64.1862
523.7053
-77.05171
-65.34483
523.8681
-77.16283
-66.50503
524.0267
-77.27117
-67.66689
524.1816
-77.37693
-68.83054
524.3329
-77.48029
-69.99611
524.481
-77.58138
-71.16378
524.6261
-77.68034
-72.33372
524.7683
-77.77728
-73.50612
524.9079
-77.87228
-74.68117
525.045
-77.96542
-75.85905
525.1796
-78.05672
-77.03998
525.3118
-78.14624
-78.2241
525.4417
-78.23395
-79.41158
525.5692
-78.31986
-80.60255
525.6942
-78.40394
-81.79713
525.8168
-78.48614
-82.99538
525.9368
-78.5664
-84.1974
526.0541
-78.64467
-85.40316
526.1686
-78.72088
-86.61267
526.2801
-47.32635
-0.5286055
481.0321
-47.32635
-0.5286055
481.0321
-47.294
1.235463
480.9953
-47.19868
2.92794
480.8871
-47.04303
4.549237
480.7103
-46.82967
6.099761
480.468
-46.56122
7.579923
480.1632
-46.2403
8.990131
479.7987
-45.86953
10.3308
479.3777
-45.45155
11.60233
478.903
-44.98897
12.80513
478.3777
-44.48441
13.93962
477.8047
-43.94051
15.00621
477.1871
-43.35988
16.00529
476.5277
-42.74515
16.93729
475.8296
-42.09893
17.80261
475.0958
-41.42386
18.60167
474.3291
-40.72256
19.33486
473.5327
-39.99765
20.0026
472.7095
-39.25174
20.6053
471.8625
-38.48748
21.14338
470.9946
-37.70748
21.61723
470.1088
-36.91436
22.02726
469.2081
-36.11074
22.3739
468.2955
-35.29926
22.65754
467.374
-34.48253
22.87859
466.4465
-33.66317
23.03747
465.516
-32.84382
23.13458
464.5856
-32.02709
23.17034
463.6581
-31.21561
23.14515
462.7365
-30.412
23.05943
461.824
-29.61888
22.91357
460.9233
-28.83887
22.708
460.0375
-28.07461
22.44312
459.1696
-27.32871
22.11934
458.3226
-26.6038
21.73706
457.4993
-25.9025
21.29671
456.7029
-25.22743
20.79868
455.9363
-24.58121
20.24339
455.2025
-23.96648
19.63125
454.5044
-23.38585
18.96267
453.845
-22.84195
18.23805
453.2274
-22.33739
17.4578
452.6544
-21.87481
16.62234
452.1291
-21.45683
15.73208
451.6544
-21.08606
14.78742
451.2333
-20.76514
13.78876
450.8689
-20.49669
12.73654
450.5641
-20.28332
11.63114
450.3217
-20.12767
10.47298
450.145
-20.03236
9.262474
450.0367
-20
7.961964
450
-20
7.886981
450
-20
7.886981
450
-20
7.776184
450
-20
7.630648
450
-20
7.451415
450
-20
7.239497
450
-20
7.239497
450
-20
6.995873
450
-20
6.721495
450
-20
6.417286
450
-20
6.417286
450
-20
6.08414
450
-20
5.722926
450
-20
5.334486
450
-20
5.334486
450
-20
4.919635
450
-20
4.479168
450
-20
4.013852
450
-20
3.524432
450
-20
3.524432
450
-20
3.011632
450
-20
2.476153
450
-20
1.918676
450
-20
2.06338
450
-20
2.06338
450
-20
2.16568
450
-20
2.226848
450
-20
2.248118
450
-20
2.248118
450
-20
2.230688
450
-20
2.175717
450
-20
2.084333
450
-20
2.084333
450
-20
1.957628
450.0062
-20
1.997316
450.022
-20
1.997615
450.056
-20
1.994169
450.1094
-20
1.994169
450.1094
-20
1.98729
450.194
-20
1.973594
450.3098
-20
1.952731
450.4466
-20
1.952731
450.4466
-20
1.933946
450.6285
-20
1.913651
450.856
-20
1.892749
451.1337
-20
1.892749
451.1337
-20
1.87217
451.4725
-20
1.852829
451.8766
-20
1.835588
452.3506
-20
1.835588
452.3506
-20
1.821214
452.9054
-20
1.810347
453.5453
-20
1.810347
453.5453
-20
1.80347
454.2787
-20
1.80089
455.1101
-20
1.802721
456.0378
-20
1.808882
457.0597
-20
1.808882
457.0597
-20
1.819099
458.1738
-20
1.832917
459.3783
-20
1.84972
460.6713
-20
1.868762
462.0506
-20
1.868762
462.0506
-20
1.889194
463.5144
-20
1.910107
465.0603
-20
1.910107
465.0603
-20
1.93057
466.6859
-20
1.949673
468.3683
-20
1.966564
470.0544
-20
1.980493
471.7438
-20
1.980493
471.7438
-20
1.990839
473.4358
-20
1.997142
475.1295
-20
1.999121
476.8241
-20
1.999121
476.8241
-20
1.996688
478.5187
-20
1.989951
480.2123
-20
1.979211
481.904
-20
1.964945
483.5931
-20
1.964945
483.5931
-20
1.947788
485.2789
-20
1.928504
486.9608
-20
1.907952
488.6384
-20
1.907952
488.6384
-20
1.887046
490.3117
-20
1.866716
491.9806
-20
1.847867
493.6453
-20
1.831339
495.3063
-20
1.831339
495.3063
-20
1.817868
496.9641
-20
1.808052
498.6194
-20
1.802328
500.2731
-20
1.800952
501.9261
-20
1.800952
501.9261
-20
1.803985
503.5792
-20
1.811291
505.2333
-20
1.822546
506.8895
-20
1.822546
506.8895
-20
1.837248
508.5485
-20
1.854744
510.2108
-20
1.874253
511.877
-20
1.874253
511.877
-20
1.894909
513.5476
-20
1.915792
515.2226
-20
1.935971
516.9019
-20
3.074446
519.7571
-20
3.074446
519.7571
-20
4.14013
521.4499
-20
5.134953
523.1443
-20
6.060801
524.8401
-20
6.919526
526.537
-20
6.919526
526.537
-20
7.712947
528.2349
-20
8.442861
529.9333
-20
9.111039
531.6323
-20
9.111039
531.6323
-20
9.719238
533.3314
-20
10.2692
535.0305
-20
10.76264
536.729
-20
11.20127
538.427
-20
11.20127
538.427
-20
11.5868
540.124
-20
11.92091
541.82
-20
11.92091
541.82
-20
12.20525
543.5146
-20
12.44149
545.2076
-20
12.63126
546.899
-20
12.63126
546.899
-20
12.77617
548.5887
-20
12.87778
550.2764
-20
12.93766
551.9622
-20
12.93766
551.9622
-20
12.95733
553.6461
-20
12.93826
555.328
-20
12.88188
557.0081
-20
12.78959
558.6865
-20
12.78959
558.6865
-20
12.66272
560.3632
-20
12.50256
562.0385
-20
12.31033
563.7125
-20
12.08721
565.3856
-20
11.83429
567.0577
-20
11.83429
567.0577
-20
11.55262
568.7294
-20
11.24316
570.4009
-20
10.90684
572.0723
-20
10.90684
572.0723
-20
10.54449
573.744
-20
10.1569
575.4161
-20
9.744796
577.0892
-20
9.308827
578.7632
-20
9.308827
578.7632
-20
8.849606
580.4385
-20
8.367682
582.1152
-20
7.863564
583.7935
-20
7.863564
583.7935
-20
7.337715
585.4736
-20
6.790559
587.1555
-20
6.222491
588.8394
-20
5.633877
590.5251
-20
5.025065
592.2128
-20
5.025065
592.2128
-20
4.396389
593.9024
-20
3.748169
595.5938
-20
3.748169
595.5938
-20
3.08073
597.2868
-20
2.394393
598.9814
-20
1.689488
600.6773
-20
1.890678
602.1448
-20
1.890678
602.1448
-20
2.028996
603.6608
-20
2.123153
605.2648
-20
2.123153
605.2648
-20
2.17447
606.9537
-20
2.184265
608.6513
-20
2.153854
610.3479
-20
2.084549
612.0433
-20
1.977657
613.7372
-20
1.977657
613.7372
-20
1.834479
615.4295
-20
1.835769
617.0632
-20
2.987951
619.9121
-20
4.06727
621.5951
-20
4.06727
621.5951
-20
5.076186
623.2762
-20
6.017083
624.9554
-20
6.892268
626.6331
-20
6.892268
626.6331
-20
7.703967
628.3091
-20
8.454324
629.9838
-20
9.145395
631.6573
-20
9.145395
631.6573
-20
9.779154
633.33
-20
10.35748
635.002
-20
10.88217
636.6735
-20
11.35494
638.3448
-20
11.35494
638.3448
-20
11.77738
640.0164
-20
12.15105
641.6882
-20
12.47739
643.3608
-20
12.47739
643.3608
-20
12.75775
645.0342
-20
12.99344
646.7088
-20
13.18566
648.3847
-20
13.33556
650.0621
-20
13.33556
650.0621
-20
13.44422
651.7413
-20
13.51266
653.4222
-20
13.54186
655.1049
-20
13.54186
655.1049
-20
13.53274
656.7897
-20
13.48618
658.4763
-20
13.40304
660.1649
-20
13.28414
661.8553
-20
13.28414
661.8553
-20
13.13028
663.5474
-20
12.94225
665.2412
-20
12.72083
666.9364
-20
12.4668
668.6329
-20
12.4668
668.6329
-20
12.18092
670.3304
-20
11.86398
672.0286
-20
11.51676
673.7275
-20
11.51676
673.7275
-20
11.14006
675.4265
-20
10.73469
677.1256
-20
10.73469
677.1256
-20
10.30146
678.8244
-20
9.841224
680.5226
-20
9.354814
682.2202
-20
8.843095
683.9166
-20
8.306938
685.6118
-20
8.306938
685.6118
-20
7.74722
687.3055
-20
7.164824
688.9976
-20
6.560632
690.688
-20
5.935527
692.3765
-20
5.935527
692.3765
-20
5.290381
694.0631
-20
4.626056
695.7478
-20
3.943396
697.4305
-20
3.943396
697.4305
-20
3.243225
699.1115
-20
2.526339
700.7905
-20
1.793507
702.4679
-20
1.793507
702.4679
-20
2.103397
703.4534
-20
2.254212
704.6978
-20
2.361295
706.0395
-20
2.425747
707.4756
-20
2.425747
707.4756
-20
2.448665
709.0032
-20
2.43114
710.619
-20
2.374266
712.3181
-20
2.374266
712.3181
-20
2.279139
714.0172
-20
2.146858
715.7161
-20
1.978529
717.4145
-20
1.978529
717.4145
-20
4.879261
722.2161
-20
7.653051
723.9128
-20
10.30381
725.6083
-20
12.83536
727.3024
-20
12.83536
727.3024
-20
15.25145
728.9949
-20
17.55574
730.6857
-20
19.75181
732.3747
-20
21.84315
734.0618
-20
23.83315
735.7469
-20
23.83315
735.7469
-20
25.72512
737.4301
-20
25.72512
737.4301
-20.00206
27.52228
739.1114
-20.01183
29.22775
740.7909
-20.03353
30.84453
742.4687
-20.07124
32.37555
744.1449
-20.07124
32.37555
744.1449
-20.13342
33.82362
745.8197
-20.22377
35.19146
747.4934
-20.34588
36.48166
749.1661
-20.50331
37.69672
750.8381
-20.50331
37.69672
750.8381
-20.69914
38.83902
752.5096
-20.92649
39.91087
754.181
-20.92649
39.91087
754.181
-21.17554
40.91441
755.8525
-21.44117
41.85175
757.5244
-21.71843
42.72484
759.1968
-22.00254
43.53558
760.8701
-22.00254
43.53558
760.8701
-22.28439
44.28573
762.5446
-22.55958
44.977
764.2203
-22.82651
45.61099
765.8976
-22.82651
45.61099
765.8976
-23.08544
46.18925
767.5765
-23.3366
46.71323
769.2572
-23.58022
47.18432
770.9398
-23.82099
47.60387
772.6243
-23.82099
47.60387
772.6243
-24.0679
47.97315
774.3107
-24.32522
48.2934
775.9991
-24.59708
48.56582
777.6893
-24.8786
48.79157
779.3812
-25.16501
48.9718
781.0748
-25.16501
48.9718
781.0748
-25.44893
49.10761
782.7699
-25.72472
49.20011
784.4662
-25.72472
49.20011
784.4662
-25.99223
49.2504
786.1636
-26.25172
49.25956
787.8618
-26.50343
49.22867
789.5605
-26.74759
49.15882
791.2596
-26.74759
49.15882
791.2596
-26.98442
49.05109
792.9587
-27.21415
48.9066
794.6575
-27.43698
48.72641
796.3559
-27.43698
48.72641
796.3559
-27.65313
48.51166
798.0535
-27.86279
48.26343
799.75
-28.06617
47.98285
801.4454
-28.06617
47.98285
801.4454
-28.26344
47.67102
803.1393
-28.4548
47.32906
804.8316
-28.64041
46.95806
806.5222
-28.82046
46.55913
808.2109
-28.82046
46.55913
808.2109
-28.9951
46.13334
809.8977
-29.16451
45.68176
811.5826
-29.32883
45.20544
813.2656
-29.32883
45.20544
813.2656
-29.48823
44.70538
814.9467
-29.64284
44.18258
816.626
-29.79281
43.63797
818.3035
-29.93828
43.07248
819.9796
-29.93828
43.07248
819.9796
-30.07939
42.48696
821.6543
-30.21627
41.88223
823.3278
-30.34904
41.25907
825.0004
-30.47783
40.61818
826.6724
-30.60275
39.96024
828.3439
-30.60275
39.96024
828.3439
-30.72393
39.28585
830.0153
-30.84147
38.59555
831.6868
-30.84147
38.59555
831.6868
-30.95548
37.88986
833.3586
-31.06608
37.16922
835.0312
-31.17336
36.43401
836.7047
-31.17336
36.43401
836.7047
-31.27741
35.68459
838.3792
-31.37835
34.92126
840.0552
-31.47626
34.14428
841.7326
-31.57123
33.35386
843.4117
-31.66335
32.55019
845.0927
-31.66335
32.55019
845.0927
-31.75271
31.73344
846.7755
-31.83938
30.90374
848.4602
-31.83938
30.90374
848.4602
-31.92346
30.06123
850.1469
-32.00502
29.206
851.8354
-32.08413
28.33818
853.5259
-32.16086
27.45786
855.218
-32.16086
27.45786
855.218
-32.23529
26.56517
856.9118
-32.3075
25.66022
858.6071
-32.3075
25.66022
858.6071
-32.37753
24.74317
860.3035
-32.44546
23.81416
862.001
-32.51136
22.87337
863.6993
-32.57528
21.92103
865.3981
-32.63728
20.95736
867.0972
-32.63728
20.95736
867.0972
-32.69741
19.98262
868.7963
-32.75575
18.99711
870.4951
-32.81234
18.00115
872.1933
-32.86723
16.9951
873.8907
-32.86723
16.9951
873.8907
-32.92047
15.97933
875.5872
-32.97211
14.95424
877.2823
-33.02221
13.92026
878.9761
-33.02221
13.92026
878.9761
-33.0708
12.87783
880.6682
-33.11794
11.82741
882.3586
-33.16365
10.76946
884.0471
-33.16365
10.76946
884.0471
-33.208
9.704462
885.7336
-33.25102
8.632879
887.4183
-33.29275
7.555183
889.1011
-33.29275
7.555183
889.1011
-33.33323
6.471828
890.7819
-33.37249
5.383257
892.461
-33.41058
4.289892
894.1384
-33.44752
3.192128
895.8143
-33.44752
3.192128
895.8143
-33.48335
2.090335
897.4888
-33.51811
0.9848485
899.1622
-33.54355
1.255174
900.421
-33.56708
1.692563
901.7108
-33.56708
1.692563
901.7108
-33.59101
1.875333
903.1559
-33.61423
2.01644
904.6904
-33.63675
2.117189
906.3117
-33.63675
2.117189
906.3117
-33.6586
2.178808
907.9836
-33.67979
2.20245
909.6563
-33.70034
2.189195
911.3299
-33.70034
2.189195
911.3299
-33.72028
2.140054
913.0046
-33.73962
2.055974
914.6807
-33.75838
1.93784
916.3583
-33.75838
1.93784
916.3583
-33.77658
1.786481
918.0377
-33.79322
1.885691
919.6434
-33.80941
1.92415
921.3282
-33.82511
1.947022
923.0114
-33.82511
1.947022
923.0114
-33.84028
1.965175
924.6971
-33.85493
1.979576
926.3862
-33.86908
1.990267
928.0781
-33.86908
1.990267
928.0781
-33.88273
1.996907
929.7717
-33.8959
1.999226
931.4664
-33.90858
1.997126
933.161
-33.92081
1.990703
934.8548
-33.93258
1.980241
936.5468
-33.93258
1.980241
936.5468
-33.9439
1.966208
938.2361
-33.9548
1.949226
939.9222
-33.9548
1.949226
939.9222
-33.96528
1.930054
941.6044
-33.97535
1.909542
943.2825
-33.98503
1.888606
944.9561
-33.98503
1.888606
944.9561
-33.99434
1.868176
946.6253
-34.0033
1.849162
948.2904
-34.0119
1.83241
949.9517
-34.02018
1.818667
951.6097
-34.02018
1.818667
951.6097
-34.02814
1.808543
953.2652
-34.03582
1.802489
954.9189
-34.04321
1.800775
956.5719
-34.04321
1.800775
956.5719
-34.05033
1.803478
958.225
-34.05721
1.810476
959.8791
-34.06384
1.821458
961.5351
-34.06384
1.821458
961.5351
-34.07023
1.835936
963.1938
-34.07642
1.853265
964.8558
-34.08239
1.872674
966.5219
-34.08816
1.893299
968.192
-34.09374
1.914222
969.8666
-34.09913
1.934511
971.5457
-34.09913
1.934511
971.5457
-34.10434
1.953265
973.2288
-34.10937
1.969646
974.9156
-34.1142
2.070412
976.5905
-34.1142
2.070412
976.5905
-34.11884
2.11497
978.2887
-34.12334
2.118412
979.9875
-34.12771
2.081859
981.6865
-34.13194
2.00643
983.3857
-34.13194
2.00643
983.3857
-34.13601
2.021001
985.0671
-34.1399
2.001812
986.7637
-34.14367
1.943382
988.4592
-34.14367
1.943382
988.4592
-34.14728
1.937858
990.1304
-34.15075
1.923914
991.8155
-34.15075
1.923914
991.8155
-34.15408
1.90363
993.4921
-34.15728
1.882827
995.1645
-34.16036
1.862718
996.8325
-34.16332
1.844254
998.4965
-34.16617
1.828268
1000.157
-34.16617
1.828268
1000.157
-34.16891
1.815474
1001.814
-34.17155
1.806442
1003.469
-34.17409
1.801575
1005.122
-34.17409
1.801575
1005.122
-34.17654
1.801088
1006.775
-34.17889
1.805004
1008.429
-34.18117
1.813147
1010.083
-34.18337
1.825157
1011.74
-34.18337
1.825157
1011.74
-34.18549
1.840498
1013.399
-34.18754
1.858487
1015.062
-34.18952
1.878323
1016.73
-34.18952
1.878323
1016.73
-34.18706
1.899119
1018.401
-34.17592
1.919942
1020.077
-34.15201
1.939857
1021.757
-34.11131
1.95797
1023.441
-34.11131
1.95797
1023.441
-34.04556
1.973458
1025.129
-33.94992
1.98562
1026.82
-33.82364
1.993908
1028.512
-33.82364
1.993908
1028.512
-33.65771
1.997934
1030.207
-33.44918
1.99751
1031.901
-33.19528
1.992648
1033.595
-32.89341
1.983564
1035.288
-32.89341
1.983564
1035.288
-32.53668
1.970659
1036.978
-32.12297
1.954515
1038.665
-31.65026
1.935864
1040.349
-31.65026
1.935864
1040.349
-31.11384
1.915554
1042.029
-30.5107
1.894511
1043.704
-29.83913
1.873696
1045.376
-29.83913
1.873696
1045.376
-29.10882
1.854057
1047.044
-28.32753
1.836483
1048.709
-27.50136
1.821762
1050.37
-26.63611
1.810554
1052.03
-26.63611
1.810554
1052.03
-25.74156
1.803353
1053.688
-24.82272
1.800476
1055.345
-23.8845
1.802047
1057.002
-23.8845
1.802047
1057.002
-22.93412
1.80799
1058.66
-21.9771
1.818034
1060.319
-21.0176
1.831729
1061.981
-21.0176
1.831729
1061.981
-20.06416
1.848457
1063.645
-19.12053
1.86747
1065.313
-18.19054
1.887917
1066.984
-17.27798
1.908882
1068.658
-17.27798
1.908882
1068.658
-16.37339
1.92944
1070.337
-15.47215
1.94868
1072.02
-14.56981
1.965751
1073.706
-14.56981
1.965751
1073.706
-13.65939
1.979901
1075.394
-12.73575
1.990507
1077.086
-12.73575
1.990507
1077.086
-11.80657
1.99709
1078.778
-10.87811
1.999353
1080.472
-9.955212
1.997188
1082.165
-9.042553
1.990688
1083.858
-8.144679
1.980137
1085.549
-8.144679
1.980137
1085.549
-7.270291
1.965999
1087.238
-6.423307
1.948899
1088.923
-6.423307
1.948899
1088.923
-5.608144
1.929597
1090.606
-4.823821
1.908955
1092.284
-4.069297
1.887895
1093.959
-3.343485
1.86736
1095.629
-3.343485
1.86736
1095.629
-2.645254
1.848267
1097.295
-1.973446
1.831469
1098.958
-1.326887
1.817717
1100.618
-0.7044013
1.807624
1102.275
-0.7044013
1.807624
1102.275
-0.1048321
1.801642
1103.93
0.4729472
1.800038
1105.585
1.030018
1.802883
1107.239
1.030018
1.802883
1107.239
1.567404
1.81005
1108.895
2.08606
1.82122
1110.552
2.586868
1.835894
1112.212
3.070627
1.853419
1113.875
3.070627
1.853419
1113.875
3.538058
1.873011
1115.541
3.989801
1.893798
1117.212
4.426419
1.914854
1118.887
4.426419
1.914854
1118.887
4.848405
1.935238
1120.566
5.25619
1.954044
1122.25
5.650153
1.970433
1123.936
6.030627
1.983675
1125.626
6.030627
1.983675
1125.626
6.397918
1.99318
1127.319
6.752305
1.998525
1129.013
7.094059
1.999472
1130.707
7.094059
1.999472
1130.707
7.423446
1.99598
1132.402
7.740742
1.988204
1134.095
8.046228
1.97649
1135.786
8.340209
1.961363
1137.474
8.340209
1.961363
1137.474
8.623004
1.943495
1139.159
8.894954
1.923682
1140.84
9.156423
1.902808
1142.517
9.156423
1.902808
1142.517
9.40779
1.881803
1144.189
9.649454
1.861602
1145.857
9.881823
1.843105
1147.521
10.10531
1.827136
1149.181
10.10531
1.827136
1149.181
10.32033
1.814406
1150.839
10.52731
1.805483
1152.494
10.52731
1.805483
1152.494
10.72663
1.800764
1154.147
10.91869
1.800458
1155.8
11.10386
1.804581
1157.453
11.28249
1.812948
1159.108
11.28249
1.812948
1159.108
11.45489
1.825186
1160.764
11.62136
1.840752
1162.424
11.78217
1.858952
1164.087
11.93754
1.878976
1165.755
11.93754
1.878976
1165.755
12.0877
1.899933
1167.426
12.23282
1.920889
1169.102
12.37306
1.940912
1170.783
12.50856
1.959111
1172.467
12.50856
1.959111
1172.467
12.63945
1.974676
1174.155
12.76583
1.986912
1175.846
12.8878
1.995278
1177.539
12.8878
1.995278
1177.539
13.00546
1.999398
1179.233
13.11889
1.999092
1180.928
13.2282
1.994372
1182.623
13.33346
1.985448
1184.315
13.33346
1.985448
1184.315
13.43478
1.972718
1186.006
13.53226
1.956748
1187.694
13.62601
1.938251
1189.377
13.62601
1.938251
1189.377
13.71616
1.918048
1191.057
13.71616
1.918048
1191.057
13.80282
1.89704
1192.733
13.88612
1.876161
1194.404
13.9662
1.856342
1196.07
14.04321
1.838464
1197.733
14.11727
1.823324
1199.392
14.11727
1.823324
1199.392
14.18854
1.811594
1201.048
14.25714
1.803798
1202.703
14.32321
1.800283
1204.356
14.38689
1.801205
1206.009
14.38689
1.801205
1206.009
14.44829
1.806523
1207.662
14.50752
1.816
1209.317
14.5647
1.829215
1210.974
14.5647
1.829215
1210.974
14.61992
1.84558
1212.635
14.67326
1.864365
1214.299
14.72481
1.884735
1215.968
14.72481
1.884735
1215.968
14.77462
1.905784
1217.641
14.82277
1.926574
1219.318
14.86929
1.94618
1220.999
14.91423
1.96373
1222.685
14.91423
1.96373
1222.685
14.95764
1.978442
1224.374
14.99955
1.989661
1226.065
15.04
1.996889
1227.759
15.04
1.996889
1227.759
15.079
1.999802
1229.454
15.1166
1.998273
1231.149
15.15283
1.992369
1232.843
15.18771
1.982352
1234.535
15.18771
1.982352
1234.535
15.22127
1.96867
1236.225
15.25357
1.951929
1237.911
15.28462
1.932877
1239.594
15.28462
1.932877
1239.594
15.31448
1.912361
1241.273
15.34318
1.891293
1242.947
15.36815
1.870611
1244.617
15.36815
1.870611
1244.617
15.37959
1.851231
1246.282
15.37371
1.834015
1247.944
15.34686
1.819727
1249.602
15.29557
1.809006
1251.258
15.29557
1.809006
1251.258
15.21195
1.80233
1252.912
15.09164
1.799996
1254.565
14.93448
1.80211
1256.218
14.93448
1.80211
1256.218
14.73178
1.808574
1257.872
14.48071
1.819095
1259.528
14.18712
1.833201
1261.187
14.18712
1.833201
1261.187
13.86094
1.850262
1262.848
13.5074
1.869518
1264.514
13.13162
1.890112
1266.184
12.73858
1.91113
1267.859
12.3332
1.931639
1269.537
12.3332
1.931639
1269.537
11.92304
1.950735
1271.22
11.92304
1.950735
1271.22
11.51601
1.967574
1272.906
11.11778
1.981416
1274.596
10.7326
1.991646
1276.287
10.36092
1.997812
1277.981
10.36092
1.997812
1277.981
10.00245
1.999638
1279.676
9.656909
1.997042
1281.37
9.32401
1.990139
1283.064
9.003463
1.979237
1284.755
9.003463
1.979237
1284.755
8.694957
1.964821
1286.444
8.398163
1.947533
1288.13
8.398163
1.947533
1288.13
8.110151
1.928139
1289.812
7.825028
1.907497
1291.489
7.538355
1.88652
1293.163
7.245836
1.866135
1294.832
7.245836
1.866135
1294.832
6.938989
1.847243
1296.497
6.614009
1.830681
1298.158
6.267104
1.817183
1299.816
6.267104
1.817183
1299.816
5.895123
1.807349
1301.472
5.504441
1.801623
1303.127
5.09988
1.800264
1304.781
4.686056
1.803336
1306.435
4.686056
1.803336
1306.435
4.271754
1.81071
1308.09
3.861091
1.82206
1309.746
3.458109
1.836884
1311.406
3.458109
1.836884
1311.406
3.06888
1.854525
1313.069
2.68838
1.874197
1314.736
2.68838
1.874197
1314.736
2.309098
1.89502
1316.406
1.925328
1.916064
1318.082
1.535133
1.936389
1319.761
1.133097
1.955089
1321.445
1.133097
1.955089
1321.445
0.7108454
1.971324
1323.132
0.2647315
1.984368
1324.822
-0.2087322
1.993634
1326.515
-0.7039934
1.998713
1328.209
-0.7039934
1.998713
1328.209
-1.211219
1.999386
1329.903
-1.725157
1.995627
1331.597
-1.725157
1.995627
1331.597
-2.23797
1.987612
1333.29
-2.743767
1.975701
1334.981
-3.240283
1.960429
1336.669
-3.722012
1.942481
1338.354
-3.722012
1.942481
1338.354
-4.18535
1.92266
1340.035
-4.630911
1.901852
1341.711
-5.059335
1.880982
1343.384
-5.059335
1.880982
1343.384
-5.471292
1.860982
1345.052
-5.848131
1.998297
1346.619
-6.219212
2.127632
1348.293
-6.578896
2.216543
1349.966
-6.578896
2.216543
1349.966
-6.927579
2.266398
1351.638
-7.26565
2.278493
1353.31
-7.593489
2.25405
1354.981
-7.911465
2.194216
1356.653
-7.911465
2.194216
1356.653
-8.219939
2.100066
1358.326
-8.519259
1.972605
1359.999
-8.80976
1.812771
1361.672
-8.80976
1.812771
1361.672
-9.076995
1.911023
1363.25
-9.341146
1.935102
1364.932
-9.597685
1.921137
1366.616
-9.597685
1.921137
1366.616
-9.846855
1.870007
1368.301
-10.08499
1.92893
1369.959
-10.31504
1.957026
1371.646
-10.53783
1.975132
1373.333
-10.53783
1.975132
1373.333
-10.753
1.987626
1375.024
-10.96066
1.99578
1376.718
-11.16098
1.999588
1378.412
-11.3541
1.99895
1380.107
-11.3541
1.99895
1380.107
-11.54018
1.99391
1381.801
-11.71938
1.984694
1383.494
-11.89187
1.971712
1385.184
-11.89187
1.971712
1385.184
-12.05783
1.955542
1386.871
-12.21744
1.936905
1388.555
-12.3709
1.916629
1390.234
-12.51844
1.895618
1391.909
-12.51844
1.895618
1391.909
-12.66026
1.874807
1393.58
-12.79661
1.855121
1395.246
-12.92772
1.837438
1396.909
-12.92772
1.837438
1396.909
-13.05383
1.822544
1398.568
-13.17518
1.811102
1400.224
-13.292
1.803621
1401.878
-13.292
1.803621
1401.878
-13.40452
1.800434
1403.531
-13.51296
1.801684
1405.184
-13.61753
1.807313
1406.838
-13.71842
1.817072
1408.493
-13.71842
1.817072
1408.493
-13.81581
1.830526
1410.151
-13.90986
1.847076
1411.812
-14.00072
1.865984
1413.476
-14.00072
1.865984
1413.476
-14.08852
1.88641
1415.145
-14.17337
1.907443
1416.818
-14.25537
1.928148
1418.496
-14.33461
1.947603
1420.178
-14.33461
1.947603
1420.178
-14.41117
1.964941
1421.864
-14.48511
1.979392
1423.553
-14.55649
1.99031
1425.245
-14.55649
1.99031
1425.245
-14.62537
1.997211
1426.938
-14.69195
4.289348
1430.965
-14.75657
6.472779
1432.664
-14.75657
6.472779
1432.664
-14.81925
8.550702
1434.363
-14.88006
10.52626
1436.062
-14.93904
12.40253
1437.76
-14.99622
14.18254
1439.457
-14.99622
14.18254
1439.457
-15.05166
15.86928
1441.153
-15.10539
17.46566
1442.848
-15.15746
18.97456
1444.541
-15.15746
18.97456
1444.541
-15.20791
20.39878
1446.233
-15.25678
21.74108
1447.922
-15.30412
23.00414
1449.61
-15.34995
24.19061
1451.296
-15.34995
24.19061
1451.296
-15.39434
25.30305
1452.98
-15.43731
26.34395
1454.662
-15.47891
27.31573
1456.342
-15.47891
27.31573
1456.342
-15.51918
28.22074
1458.02
-15.55817
29.06123
1459.697
-15.55817
29.06123
1459.697
-15.59592
29.83941
1461.372
-15.63248
30.55737
1463.046
-15.66788
31.21712
1464.719
-15.70217
31.82058
1466.391
-15.73539
32.36961
1468.063
-15.73539
32.36961
1468.063
-15.76758
32.86594
1469.734
-15.7988
33.31124
1471.405
-15.82907
33.70707
1473.077
-15.85843
34.05494
1474.749
-15.85843
34.05494
1474.749
-15.88694
34.35624
1476.422
-15.91461
34.61229
1478.096
-15.94149
34.82435
1479.771
-15.94149
34.82435
1479.771
-15.96761
34.99359
1481.447
-15.993
35.12112
1483.125
-16.01769
35.20799
1484.805
-16.01769
35.20799
1484.805
-16.04171
35.2552
1486.487
-16.06508
35.26368
1488.171
-16.08784
35.23434
1489.856
-16.10999
35.16805
1491.544
-16.10999
35.16805
1491.544
-16.13155
35.06563
1493.227
-16.15255
34.92789
1494.904
-16.17299
34.75564
1496.581
-16.17299
34.75564
1496.581
-16.1929
34.54964
1498.245
-16.21227
34.31067
1499.904
-16.23113
34.0395
1501.558
-16.23113
34.0395
1501.558
-16.24947
33.7369
1503.201
-16.2673
33.40366
1504.838
-16.28463
33.04056
1506.47
-16.30147
32.6484
1508.095
-16.30147
32.6484
1508.095
-16.31781
32.22799
1509.707
-16.33366
31.78016
1511.31
-16.34902
31.30576
1512.902
-16.34902
31.30576
1512.902
-16.36391
30.80563
1514.468
-16.37831
30.28064
1516.003
-16.39224
29.73166
1517.501
-16.39224
29.73166
1517.501
-16.4057
29.15958
1518.952
-16.41869
28.56527
1520.353
-16.43123
27.94963
1521.697
-16.44332
27.31353
1522.98
-16.44332
27.31353
1522.98
-16.45497
26.65783
1524.192
-16.46619
25.9834
1525.327
-16.477
25.29106
1526.384
-16.477
25.29106
1526.384
-16.4874
24.58164
1527.362
-16.49741
23.85592
1528.271
-16.50704
23.11464
1529.118
-16.50704
23.11464
1529.118
-16.51632
22.35852
1529.919
-16.52525
21.58823
1530.682
-16.53386
20.80441
1531.413
-16.53386
20.80441
1531.413
-16.54217
20.00763
1532.121
-16.55019
19.19843
1532.807
-16.55794
18.3773
1533.472
-16.55794
18.3773
1533.472
-16.56544
17.54466
1534.116
-16.57271
16.70091
1534.742
-16.57977
15.84636
1535.348
-16.58663
14.98132
1535.937
-16.58663
14.98132
1535.937
-16.59332
14.10601
1536.508
-16.59984
13.22063
1537.064
-16.60621
12.32534
1537.604
-16.61246
11.42025
1538.129
-16.61246
11.42025
1538.129
-16.61857
10.50545
1538.64
-16.62457
9.581011
1539.137
-16.63047
8.646966
1539.621
-16.63047
8.646966
1539.621
-16.63627
7.703344
1540.093
-16.64198
6.750159
1540.552
-16.64759
5.787424
1541
-16.65312
4.815151
1541.436
-16.65312
4.815151
1541.436
-16.65856
3.83336
1541.86
-16.6639
2.842082
1542.274
-16.6639
2.842082
1542.274
-16.66827
1.841364
1542.677
-16.6673
2.112139
1542.969
-16.65552
2.317077
1543.19
-16.6286
2.475847
1543.409
-16.6286
2.475847
1543.409
-16.57808
2.589889
1543.641
-16.50021
2.660635
1543.889
-16.39138
2.689508
1544.161
-16.24803
2.677926
1544.46
-16.24803
2.677926
1544.46
-16.06231
2.627289
1544.799
-15.83104
2.538985
1545.182
-15.55114
2.41438
1545.614
-15.21958
2.254817
1546.1
-15.21958
2.254817
1546.1
-14.83085
2.061613
1546.648
-14.83085
2.061613
1546.648
-14.39472
1.83605
1547.268
-13.99605
1.856137
1547.855
-13.54859
1.871586
1548.52
-13.07061
1.849841
1549.233
-13.07061
1.849841
1549.233
-12.56292
1.792142
1549.981
-12.05184
1.816459
1550.715
-11.49838
1.822378
1551.479
-10.91227
1.831604
1552.248
-10.91227
1.831604
1552.248
-10.28855
1.843968
1553.015
-9.633781
1.859094
1553.772
-8.953057
1.87633
1554.515
-8.953057
1.87633
1554.515
-8.255836
1.894905
1555.232
-7.546752
1.913926
1555.93
-6.830448
1.932469
1556.615
-6.830448
1.932469
1556.615
-6.115902
1.949584
1557.3
-5.407594
1.964429
1557.992
-4.709989
1.976278
1558.696
-4.709989
1.976278
1558.696
-4.015072
1.984578
1559.421
-3.317462
1.988954
1560.176
-2.613233
1.989213
1560.964
-1.898584
1.985352
1561.79
-1.169757
1.977551
1562.658
-1.169757
1.977551
1562.658
-0.4186993
1.966169
1563.579
0.3580388
1.951724
1564.557
1.163951
1.934875
1565.595
1.163951
1.934875
1565.595
2.001223
1.916385
1566.697
2.863233
1.897048
1567.866
3.74498
1.877705
1569.109
4.64177
1.859205
1570.427
4.64177
1.859205
1570.427
5.544774
1.84235
1571.826
6.449888
1.827897
1573.302
7.353179
1.816499
1574.855
7.353179
1.816499
1574.855
8.251598
1.808672
1576.482
9.151089
1.804843
1578.139
10.05449
1.805253
1579.793
10.9676
1.809912
1581.439
10.9676
1.809912
1581.439
11.89942
1.818614
1583.099
12.85407
1.830992
1584.76
13.83558
1.846508
1586.424
14.84789
1.864475
1588.092
14.84789
1.864475
1588.092
15.77337
2.187486
1589.704
16.75745
2.409322
1591.395
16.75745
2.409322
1591.395
17.79753
2.585855
1593.078
18.86127
2.718206
1594.754
19.9303
2.807477
1596.425
21.00053
2.854756
1598.091
21.00053
2.854756
1598.091
22.0625
2.861126
1599.744
23.12054
2.827662
1601.392
24.17453
2.75544
1603.034
24.17453
2.75544
1603.034
25.15146
2.645536
1604.665
26.09373
2.499029
1606.287
26.99778
2.317001
1607.904
27.86017
2.10054
1609.513
27.86017
2.10054
1609.513
28.67309
1.850734
1611.108
29.39905
1.873572
1612.62
30.05746
1.899895
1614.107
30.05746
1.899895
1614.107
30.65382
1.89151
1615.605
31.18177
1.872744
1617.113
31.64185
1.853843
1618.63
32.0313
1.836595
1620.163
32.0313
1.836595
1620.163
32.34447
1.821978
1621.726
32.58028
1.810712
1623.323
32.73753
1.803334
1624.947
32.73753
1.803334
1624.947
32.82795
1.8002
1626.581
32.85833
1.801464
1628.222
32.83515
1.807075
1629.87
32.76459
1.816785
1631.525
32.65254
1.830159
1633.176
32.65254
1.830159
1633.176
32.50738
1.846604
1634.821
32.50738
1.846604
1634.821
32.35021
2.396528
1636.227
32.17497
2.797233
1637.731
31.975
3.146878
1639.325
31.74534
3.446768
1641.006
31.48246
3.69819
1642.704
31.18292
3.902424
1644.402
31.18292
3.902424
1644.402
30.83892
4.060739
1646.1
30.44737
4.174402
1647.799
30.004
4.244677
1649.49
29.50807
4.272827
1651.178
29.50807
4.272827
1651.178
28.97134
4.260117
1652.851
28.39953
4.20781
1654.516
27.79817
4.117171
1656.175
27.79817
4.117171
1656.175
27.17706
3.989462
1657.819
26.54128
3.825941
1659.456
26.54128
3.825941
1659.456
25.8984
3.627858
1661.082
25.25435
3.396455
1662.698
24.60724
3.132958
1664.309
23.95144
2.838578
1665.91
23.95144
2.838578
1665.91
23.2783
2.514502
1667.497
22.58391
2.16189
1669.063
21.86443
1.781873
1670.603
21.2123
1.825042
1671.933
21.2123
1.825042
1671.933
20.50053
1.879411
1673.269
19.74644
1.895889
1674.564
19.74644
1.895889
1674.564
18.94357
1.875693
1675.817
18.08753
1.819966
1677.022
17.21387
1.860306
1678.134
16.26778
1.854475
1679.206
15.25876
1.812378
1680.218
15.25876
1.812378
1680.218
14.2313
1.864284
1681.135
13.17487
1.887738
1681.98
12.11993
1.910028
1682.742
11.06142
1.930611
1683.419
11.06142
1.930611
1683.419
9.99953
1.94934
1684.002
8.934395
1.965434
1684.487
8.934395
1.965434
1684.487
7.866358
1.978047
1684.864
6.795949
1.986482
1685.131
5.723969
1.990244
1685.286
4.651404
1.989094
1685.325
4.651404
1.989094
1685.325
3.573983
1.948076
1685.254
2.497092
1.868452
1685.081
1.481443
1.956942
1684.918
0.4218661
2.023616
1684.679
0.4218661
2.023616
1684.679
-0.645649
2.049417
1684.366
-1.711561
2.035768
1683.989
-2.775856
1.984063
1683.558
-2.775856
1.984063
1683.558
-3.838551
1.895662
1683.085
-4.856643
1.888748
1682.604
-5.91519
1.866962
1682.097
-5.91519
1.866962
1682.097
-6.949718
1.860948
1681.588
-8.005359
1.826648
1681.071
-9.027341
1.830909
1680.568
-10.0776
1.812999
1680.068
-10.0776
1.812999
1680.068
-11.10281
1.825883
1679.598
-12.15104
1.815676
1679.15
-13.17809
1.838631
1678.743
-14.22813
1.835137
1678.368
-14.22813
1.835137
1678.368
-15.26035
1.866594
1678.046
-16.31472
1.867946
1677.774
-17.35528
1.904697
1677.561
-18.41586
1.90823
1677.408
-18.41586
1.90823
1677.408
-19.46667
1.945886
1677.324
-19.46667
1.945886
1677.324
-20.5319
1.948532
1677.317
-21.58497
1.982341
1677.394
-22.64594
1.981112
1677.557
-23.69773
2.006861
1677.809
-23.69773
2.006861
1677.809
-24.7487
1.999458
1678.16
-25.79046
2.014461
1678.612
-26.83259
1.999831
1679.166
-27.86403
2.00363
1679.826
-27.86403
2.00363
1679.826
-28.84303
1.982192
1680.592
-29.77707
1.976546
1681.457
-30.66443
1.950095
1682.421
-30.66443
1.950095
1682.421
-31.49537
1.938697
1683.474
-32.28148
1.909989
1684.62
-33.02295
1.897449
1685.845
-33.7341
1.869501
1687.159
-33.7341
1.869501
1687.159
-34.41325
1.860377
1688.544
-35.07179
1.835934
1690.017
-35.70073
1.834058
1691.552
-35.70073
1.834058
1691.552
-36.31205
1.815205
1693.175
-36.89611
1.823032
1694.821
-37.46431
1.810755
1696.487
-37.46431
1.810755
1696.487
-38.00727
1.828905
1698.133
-38.53585
1.823074
1699.801
-39.04177
1.850525
1701.45
-39.53418
1.849933
1703.122
-39.53418
1.849933
1703.122
-39.99781
1.884059
1704.778
-40.43537
1.886621
1706.455
-40.83857
1.923663
1708.121
-40.83857
1.923663
1708.121
-41.2046
1.926728
1709.805
-41.5266
1.962393
1711.481
-41.80294
1.963209
1713.171
-42.03878
1.993374
1714.855
-42.03878
1.993374
1714.855
-42.24441
1.98951
1716.549
-42.42526
2.010923
1718.239
-42.58624
2.000762
1719.937
-42.58624
2.000762
1719.937
-42.73715
2.011759
1721.628
-42.88242
1.994815
1723.325
-43.02238
1.995609
1725.014
-43.02238
1.995609
1725.014
-43.15494
1.972647
1726.707
-43.27461
1.96535
1728.389
-43.37767
1.938248
1730.077
-43.37767
1.938248
1730.077
-43.45568
1.926463
1731.75
-43.50558
1.897863
1733.431
-43.52393
1.886004
1735.093
-43.50764
1.858806
1736.768
-43.46291
1.851265
1738.421
-43.46291
1.851265
1738.421
-43.39746
1.828051
1740.09
-43.31879
1.828295
1741.736
-43.31879
1.828295
1741.736
-43.23462
1.810876
1743.402
-43.15102
1.820958
1745.044
-43.06966
1.810125
1746.71
-42.99196
1.830424
1748.353
-42.99196
1.830424
1748.353
-42.91628
1.825853
1750.021
-42.84387
1.854993
1751.669
-42.77338
1.855265
1753.341
-42.70575
1.890302
1754.998
-42.70575
1.890302
1754.998
-42.64003
1.89314
1756.677
-42.57682
1.930084
1758.344
-42.51552
1.932752
1760.028
-42.51552
1.932752
1760.028
-42.45645
1.967273
1761.705
-42.39929
1.967068
1763.396
-42.34415
1.995268
1765.081
-42.29092
1.989995
1766.776
-42.29092
1.989995
1766.776
-42.23954
2.009097
1768.466
-42.19003
1.997462
1770.163
-42.14229
2.006306
1771.854
-42.14229
2.006306
1771.854
-42.09632
1.988146
1773.549
-42.05207
1.987393
1775.236
-42.00946
1.963704
1776.928
-41.96852
1.955721
1778.608
-41.96852
1.955721
1778.608
-41.92907
1.928478
1780.295
-41.89126
1.916915
1781.964
-41.85476
1.888728
1783.645
-41.85476
1.888728
1783.645
-41.81985
1.877872
1785.304
-41.78606
1.851517
1786.978
-41.75381
1.845528
1788.629
-41.75381
1.845528
1788.629
-41.72252
1.823455
1790.297
-41.69267
1.825629
1791.942
-41.66365
1.809529
1793.608
-41.63596
1.821712
1795.25
-41.63596
1.821712
1795.25
-41.609
1.812213
1796.916
-41.58325
1.834474
1798.56
-41.55817
1.831033
1800.228
-41.55817
1.831033
1800.228
-41.53415
1.861648
1801.878
-41.51078
1.862645
1803.552
-41.48835
1.89841
1805.21
-41.48835
1.89841
1805.21
-41.46655
1.901437
1806.89
