0
2
0
0
2
0
0
1.961937
0.05302146
-4.869514E-09
1.960387
0.1284432
-1.96667E-08
1.960078
0.2372853
-2.864704E-08
1.960016
0.3850826
-4.612004E-08
1.960003
0.5711002
-5.983735E-08
1.960001
0.7944691
-7.724986E-08
1.96
1.054338
-9.642896E-08
1.96
1.349878
-1.21351E-07
1.96
1.680286
-1.531429E-07
1.96
2.044782
-1.938936E-07
1.96
2.442611
-2.457685E-07
1.96
2.873038
-3.077725E-07
1.96
3.335352
-3.077725E-07
1.96
3.335352
-3.93791E-07
1.96
3.829129
-4.976122E-07
1.96
4.353693
-6.573502E-07
1.96
4.908385
-8.528644E-07
1.96
5.492569
-1.124384E-06
1.96
6.105626
-1.455326E-06
1.96
6.746955
-1.896272E-06
1.96
7.415977
-1.896272E-06
1.96
7.415977
-2.482044E-06
1.96
8.112391
-3.226294E-06
1.96
8.835645
-4.215392E-06
1.96
9.585197
-5.511009E-06
1.96
10.36053
-7.201132E-06
1.96
11.16113
-9.417237E-06
1.96
11.98651
-9.417237E-06
1.96
11.98651
-1.225049E-05
1.96
12.83645
-1.59537E-05
1.96
13.7105
-2.079153E-05
1.96
14.60818
-2.706951E-05
1.96
15.52907
-3.525835E-05
1.96
16.47272
-4.596563E-05
1.96
17.43872
-5.991165E-05
1.96
18.42667
-7.811252E-05
1.96
19.43618
-0.0001018441
1.96
20.46686
-0.0001328169
1.96
21.51835
-0.0001732409
1.96
22.59029
-0.0001732409
1.96
22.59029
-0.0002260104
1.96
23.6826
-0.0002948861
1.96
24.79493
-0.0003847974
1.96
25.92695
-0.0005021829
1.96
27.07834
-0.0006554797
1.96
28.24878
-0.0008556583
1.96
29.43796
-0.001117099
1.96
30.6456
-0.001368372
1.960001
31.87139
-0.001368372
1.960001
31.87139
-0.00161009
1.96
33.11534
-0.001842671
1.960001
34.37716
-0.002066515
1.96
35.65658
-0.00228195
1.96
36.95334
-0.002489315
1.959999
38.26719
-0.002688947
1.960001
39.59789
-0.002881137
1.96
40.94518
-0.003066161
1.959999
42.30885
-0.003244332
1.96
43.68866
-0.00341586
1.960001
45.0844
-0.00341586
1.960001
45.0844
-0.003581094
1.96
46.49612
-0.003740199
1.960001
47.92361
-0.003893425
1.96
49.36667
-0.004041014
1.959999
50.82509
-0.004183218
1.959999
52.29868
-0.004320196
1.959999
53.78725
-0.004320196
1.959999
53.78725
-0.004452181
1.96
55.29088
-0.004579348
1.96
56.80939
-0.004701873
1.96
58.34259
-0.004819939
1.96
59.89033
-0.004933702
1.96
61.45241
-0.005043337
1.96
63.02869
-0.005148991
1.96
64.61533
-0.005148991
1.96
64.61533
-0.005250804
1.96
66.20444
-0.00534891
1.96
67.79256
-0.005443441
1.96
69.37625
-0.005534521
1.96
70.95207
-0.005622269
1.96
72.51685
-0.005622269
1.96
72.51685
-0.005706794
1.96
74.06382
-0.005788206
1.96
75.58992
-0.005866614
1.96
77.09216
-0.005942112
1.96
78.56758
-0.005942112
1.96
78.56758
-0.006014775
1.96
80.00957
-0.006084708
1.96
81.41463
-0.006151992
1.96
82.78011
-0.006216724
1.96
84.10342
-0.006278958
1.96
85.38199
-0.006338798
1.96
86.61336
-0.006338798
1.96
86.61336
-0.006396284
1.96
87.79636
-0.006451493
1.96
88.93246
-0.006504468
1.96
90.02305
-0.006555324
1.96
91.0695
-0.006604111
1.96
92.07315
-0.006604111
1.96
92.07315
-0.00665084
1.96
93.03527
-0.006695629
1.96
93.95711
-0.006738546
1.96
94.83987
-0.006779617
1.96
95.68472
-0.006818878
1.96
96.49282
-0.006818878
1.96
96.49282
-0.006856406
1.96
97.26525
-0.006892262
1.96
98.00309
-0.006926489
1.96
98.70737
-0.006959132
1.96
99.37911
-0.006990242
1.96
100.0193
-0.00701987
1.96
100.6288
-0.00701987
1.96
100.6288
-0.007048051
1.96
101.2087
-0.007074829
1.96
101.7597
-0.007100249
1.96
102.2828
-0.007124351
1.96
102.7787
-0.007147175
1.96
103.2484
-0.007147175
1.96
103.2484
-0.00716876
1.96
103.6926
-0.007189142
1.96
104.112
-0.007208356
1.96
104.5074
-0.007226442
1.96
104.8795
-0.007226442
1.96
104.8795
-0.007243443
1.96
105.2291
-0.007259356
1.96
105.5567
-0.007274249
1.96
105.8631
-0.007288144
1.96
106.1489
-0.007301085
1.96
106.4147
-0.007301085
1.96
106.4147
-0.007313076
1.96
106.6611
-0.007324154
1.96
106.8887
-0.007334386
1.96
107.098
-0.007343754
1.96
107.2897
-0.007352264
1.96
107.4641
-0.007352264
1.96
107.4641
-0.007359956
1.96
107.622
-0.007366331
1.96
107.7525
-0.007372009
1.96
107.8692
-0.007376857
1.96
107.9685
-0.007381118
1.96
108.0557
-0.007381118
1.96
108.0557
-0.007384972
1.96
108.1345
-0.007388528
1.96
108.2076
-0.007391895
1.96
108.2766
-0.007395127
1.96
108.3428
-0.007398256
1.96
108.407
-0.007398256
1.96
108.407
-0.007401326
1.96
108.4699
-0.007404324
1.96
108.5314
-0.007407264
1.96
108.5916
-0.00741013
1.96
108.6506
-0.007412938
1.96
108.7082
-0.007412938
1.96
108.7082
-0.007415684
1.96
108.7647
-0.007418374
1.96
108.8199
-0.007421005
1.96
108.8739
-0.007423579
1.96
108.9268
-0.007426098
1.96
108.9785
-0.007426098
1.96
108.9785
-0.007428564
1.96
109.0324
-0.007430976
1.96
109.0913
-0.007433337
1.96
109.158
-0.007435624
1.96
109.2344
-0.007437762
1.96
109.3206
-0.007439701
1.96
109.4163
-0.007439701
1.96
109.4163
-0.007441416
1.96
109.5245
-0.007442906
1.96
109.6443
-0.0074443
1.96
109.7898
-0.00744562
1.96
109.9646
-0.007446878
1.96
110.1718
-0.007446878
1.96
110.1718
-0.007448074
1.96
110.419
-0.007449223
1.96
110.7091
-0.00745032
1.96
111.0451
-0.007451344
1.96
111.4301
-0.007451344
1.96
111.4301
-0.007452356
1.96
111.8713
-0.007453319
1.96
112.3706
-0.007454278
1.96
112.9267
-0.007455154
1.96
113.538
-0.007456001
1.96
114.2033
-0.007456001
1.96
114.2033
-0.007456825
1.96
114.9214
-0.007457575
1.96
115.691
-0.007458336
1.96
116.5108
-0.007459052
1.96
117.3796
-0.007459758
1.96
118.2961
-0.007459758
1.96
118.2961
-0.007460415
1.96
119.2596
-0.007461063
1.96
120.2688
-0.007461674
1.96
121.3226
-0.007462269
1.96
122.42
-0.007462834
1.96
123.5599
-0.007462834
1.96
123.5599
-0.007463378
1.96
124.7415
-0.007463902
1.96
125.964
-0.007464406
1.96
127.2263
-0.00746489
1.96
128.5275
-0.007465357
1.96
129.8667
-0.007465357
1.96
129.8667
-0.007465807
1.96
131.2433
-0.007466243
1.96
132.6564
-0.007466665
1.96
134.1053
-0.007467074
1.96
135.589
-0.007467481
1.96
137.1069
-0.007467481
1.96
137.1069
-0.007467847
1.96
138.6584
-0.00746819
1.96
140.2428
-0.007468543
1.96
141.8594
-0.007468868
1.96
143.4913
-0.007469188
1.96
145.1236
-0.007469188
1.96
145.1236
-0.007469506
1.96
146.7563
-0.007469829
1.96
148.3894
-0.007470144
1.96
150.0227
-0.007470467
1.96
151.6563
-0.007470741
1.96
153.2901
-0.007470741
1.96
153.2901
-0.007471022
1.96
154.9245
-0.007471321
1.96
156.5591
-0.007471606
1.96
158.194
-0.007471886
1.96
159.8292
-0.007472153
1.96
161.4646
-0.007472392
1.96
163.1003
-0.007472392
1.96
163.1003
-0.007472626
1.96
164.7365
-0.00747284
1.96
166.373
-0.007473057
1.96
168.0098
-0.007473266
1.96
169.6468
-0.007473466
1.96
171.2841
-0.007473466
1.96
171.2841
-0.007473655
1.96
172.922
-0.007473838
1.96
174.5601
-0.007474014
1.96
176.1984
-0.007474184
1.96
177.8371
-0.007474348
1.96
179.476
-0.007474348
1.96
179.476
-0.007474505
1.96
181.1154
-0.007474662
1.96
182.7551
-0.007474803
1.96
184.3951
-0.007474951
1.96
186.0353
-0.00747509
1.96
187.6758
-0.00747509
1.96
187.6758
-0.007475228
1.96
189.3168
-0.007475353
1.96
190.9581
-0.007475481
1.96
192.5997
-0.007475613
1.96
194.2415
-0.007475717
1.96
195.8836
-0.007475717
1.96
195.8836
-0.007475824
1.96
197.5262
-0.007475918
1.96
199.1691
-0.007476017
1.96
200.8123
-0.007476129
1.96
202.4557
-0.007476248
1.96
204.0994
-0.007476357
1.96
205.7433
-0.007476357
1.96
205.7433
-0.007476439
1.96
207.3878
-0.007476527
1.96
209.0326
-0.007476611
1.9608
210.6774
-0.007476702
1.96096
212.3226
-0.007476788
1.960992
213.9682
-0.007476851
1.960999
215.614
-0.007476851
1.960999
215.614
-0.00747695
1.961
217.2604
-0.007477031
1.961
218.907
-0.007477102
1.961
220.5539
-0.007477164
1.961
222.201
-0.007477226
1.961
223.8485
-0.007477284
1.961
225.4962
-0.007477284
1.961
225.4962
-0.00747734
1.961
227.1444
-0.007477394
1.961
228.7929
-0.007477446
1.961
230.4416
-0.007477488
1.961
232.0907
-0.007477532
1.961
233.7399
-0.007477532
1.961
233.7399
-0.007477576
1.961
235.3898
-0.007477622
1.961
237.0399
-0.007477661
1.961
238.6902
-0.007477715
1.961
240.3408
-0.007477715
1.961
240.3408
-0.007477741
1.961
241.992
-0.007477765
1.961
243.6434
-0.007477788
1.961
245.2951
-0.007477844
1.961
246.947
-0.0074779
1.961
248.5993
-0.0074779
1.961
250.2517
-0.007477937
1.961
251.9045
-0.007477937
1.961
251.9045
-0.007477991
1.961
253.5578
-0.007478073
1.961
255.2113
-0.007046286
2.059079
256.8264
-0.006627468
2.116153
258.4919
-0.006627468
2.116153
258.4919
-0.006221214
2.133452
260.158
-0.005827148
2.11217
261.8242
-0.005444903
2.053462
263.4908
-0.005074126
1.958454
265.1577
-0.004724765
1.959691
266.7853
-0.004724765
1.959691
266.7853
-0.004388119
1.959938
268.4414
-0.00406365
1.959988
270.0979
-0.003750907
1.959994
271.7546
-0.00344947
1.959999
273.4117
-0.00315892
1.959998
275.0689
-0.00315892
1.959998
275.0689
-0.002878865
1.96
276.7267
-0.002608934
1.959999
278.3848
-0.002348759
1.96
280.0432
-0.002097982
1.96
281.7018
-0.001856265
1.960001
283.3607
-0.001856265
1.960001
283.3607
-0.001623286
1.960001
285.0201
-0.001398728
1.96
286.6797
-0.00118226
1.960002
288.3397
-0.0009736331
1.960001
289.9999
-0.0007725406
1.96
291.6604
-0.0005787538
1.960003
293.3211
-0.0005787538
1.960003
293.3211
-0.0003919466
1.960004
294.9824
-0.0002118455
1.960001
296.644
-3.82782E-05
1.960007
298.3058
0.0001290164
1.960001
299.9679
0.0002902749
1.960007
301.6302
0.0004457174
1.960001
303.2928
0.0004457174
1.960001
303.2928
0.0005955208
1.960007
304.956
0.000739921
1.960008
306.6194
0.0008790223
1.959995
308.2831
0.001013072
1.960799
309.9468
0.001013072
1.960799
309.9468
0.001142281
1.96096
311.6112
0.001266838
1.960986
313.2759
0.001386871
1.960997
314.9409
0.001502531
1.960996
316.6062
0.001614025
1.960999
318.2718
0.001614025
1.960999
318.2718
0.001721482
1.961
319.9378
0.001825035
1.960997
321.6042
0.001924803
1.960999
323.2708
0.002020964
1.961
324.9377
0.002113616
1.961
326.6048
0.002113616
1.961
326.6048
0.002202916
1.961
328.2725
0.002288961
1.961
329.9404
0.002371877
1.961
331.6086
0.002451772
1.961
333.2771
0.002528761
1.961001
334.9458
0.002528761
1.961001
334.9458
0.00260295
1.961002
336.6151
0.002674454
1.961001
338.2846
0.002743399
1.961
339.9544
-0.002641858
1.961003
341.6245
-0.01869109
1.961004
343.2949
-0.04959119
1.961001
344.9655
-0.09949084
1.961004
346.6364
-0.09949084
1.961004
346.6364
-0.1767491
1.961001
348.3078
-0.2849897
1.961
349.9795
-0.4278207
1.960994
351.6516
-0.6085688
1.961005
353.3239
-0.8306464
1.961001
354.9965
-1.088141
1.961001
356.6694
-1.088141
1.961001
356.6694
-1.369617
1.960999
358.3429
-1.669843
1.960207
360.0169
-1.983396
1.960042
361.6908
-2.305078
1.960009
363.3647
-2.630133
1.960002
365.0388
-2.630133
1.960002
365.0388
-2.949184
1.960001
366.7127
-3.257691
1.960001
368.3867
-3.555087
1.960001
370.0607
-3.841774
1.960004
371.7346
-4.118138
1.960001
373.4085
-4.118138
1.960001
373.4085
-4.38455
1.960001
375.0825
-4.641366
1.960001
376.7564
-4.888932
1.960001
378.4303
-5.12758
1.960001
380.1042
-5.12758
1.960001
380.1042
-5.357629
1.960001
381.7781
-5.57939
1.96
383.452
-5.793159
1.96
385.1259
-5.999225
1.960001
386.7997
-6.197865
1.959997
388.4736
-6.197865
1.959997
388.4736
-6.389345
1.959997
390.1474
-6.573923
1.96
391.8213
-6.751848
1.959997
393.4951
-6.923359
1.96
395.169
-7.088687
1.960001
396.8429
-7.088687
1.960001
396.8429
-7.248055
1.959994
398.5167
-7.401677
1.959999
400.1906
-7.54976
1.959994
401.8644
-7.692504
1.959999
403.5382
-7.830101
1.960001
405.212
-7.830101
1.960001
405.212
-7.962736
1.960007
406.8859
-8.090588
1.960008
408.5597
-8.21383
1.960009
410.2335
-8.332627
1.960009
411.9073
-8.447141
1.960005
413.5812
-8.447141
1.960005
413.5812
-8.557525
1.960001
415.255
-8.663928
1.960001
416.9288
-8.771204
1.960004
418.6027
-8.884051
1.960003
420.2765
-9.006905
1.960004
421.9503
-9.006905
1.960004
421.9503
-9.148707
1.960003
423.6242
-9.314365
1.960001
425.2981
-9.507684
1.960001
426.972
-9.732422
1.96
428.6459
-9.991944
1.96
430.3199
-9.991944
1.96
430.3199
-10.2943
1.96
431.994
-10.64258
1.96
433.6682
-11.03985
1.960001
435.3424
-11.48909
1.96
437.0168
-11.99304
1.960001
438.6913
-11.99304
1.960001
438.6913
-12.5592
1.959997
440.3659
-13.18996
1.959997
442.0407
-13.8878
1.959996
443.7157
-14.6544
1.96
445.3909
-15.48739
1.96
447.0662
-15.48739
1.96
447.0662
-16.37523
1.96
448.7416
-17.31128
1.959993
450.4171
-18.28938
1.959999
452.0927
-19.30346
1.959993
453.7684
-20.33413
1.959991
455.444
-20.33413
1.959991
455.444
-21.35558
1.959999
457.1194
-22.37228
1.96
458.7949
-23.38415
1.960001
460.4703
-24.39147
1.959996
462.1457
-25.3941
1.959996
463.8211
-25.3941
1.959996
463.8211
-26.38734
1.96
465.4964
-27.36937
1.96
467.1718
-28.33589
1.959998
468.847
-29.28277
1.960001
470.5222
-30.20597
1.960001
472.1973
-30.20597
1.960001
472.1973
-31.097
1.96
473.8723
-31.95639
1.960001
475.5472
-32.78524
1.960002
477.222
-33.5846
1.96
478.8968
-33.5846
1.96
478.8968
-34.3555
1.960002
480.5715
-35.09892
1.960002
482.2462
-35.81583
1.960001
483.9207
-36.50716
1.960005
485.5953
-37.17379
1.960007
487.2698
-37.17379
1.960007
487.2698
-37.8166
1.960004
488.9443
-38.43642
1.960011
490.6187
-39.03407
1.960006
492.2931
-39.61032
1.960008
493.9674
-40.16593
1.960008
495.6417
-40.16593
1.960008
495.6417
-40.70163
1.960009
497.316
-41.21812
1.960009
498.9902
-41.71609
1.960009
500.6644
-42.1962
1.959995
502.3386
-42.65907
1.960006
504.0127
-43.10532
1.960008
505.6869
-43.10532
1.960008
505.6869
-43.53554
1.960001
507.361
-43.9503
1.96
509.035
-44.35016
1.960006
510.7091
-44.73565
1.960001
512.3832
-45.10728
1.960001
514.0572
-45.46554
1.960002
515.7312
-45.46554
1.960002
515.7312
-45.81091
1.960001
517.4052
-46.14386
1.96
519.0792
-46.46482
1.96
520.7532
-46.77424
1.96
522.4271
-47.07251
1.960001
524.1011
-47.36005
1.96
525.775
-47.36005
1.96
525.775
-47.63723
1.959999
527.449
-47.90443
1.96
529.1229
-48.16201
1.959998
530.7968
-48.41032
1.959999
532.4707
-48.65528
1.959993
534.1446
-48.90264
1.959996
535.8185
-49.15701
1.959993
537.4925
-49.42327
1.959992
539.1664
-49.42327
1.959992
539.1664
-49.71057
1.959999
540.8405
-50.02278
1.96
542.5145
-50.36366
1.960001
544.1887
-50.73686
1.96
545.8629
-51.14589
1.960007
547.5371
-51.14589
1.960007
547.5371
-51.59877
1.959994
549.2114
-52.09887
1.959999
550.8859
-52.63891
1.960001
552.5604
-53.21186
1.96
554.2349
-53.81194
1.96
555.9095
-54.43343
1.96
557.5841
-55.07077
1.96
559.2587
-55.71856
1.96
560.9333
-55.71856
1.96
560.9333
-56.36634
1.959999
562.6079
-57.00945
1.96
564.2825
-57.64336
1.959999
565.957
-58.26375
1.96
567.6314
-58.86644
1.960001
569.3058
-59.44754
1.96
570.9802
-59.44754
1.96
570.9802
-60.00783
1.959999
572.6545
-60.54804
1.96
574.3287
-61.06888
1.960003
576.003
-61.57105
1.960001
577.6772
-62.0552
1.96
579.3514
-62.52197
1.96
581.0255
-62.52197
1.96
581.0255
-62.97199
1.96
582.6996
-63.40584
1.96
584.3738
-63.82411
1.959997
586.0479
-64.22734
1.960004
587.7219
-64.61608
1.960002
589.396
-64.99084
1.960001
591.07
-64.99084
1.960001
591.07
-65.35213
1.960002
592.744
-65.70042
1.960001
594.418
-66.03619
1.960001
596.092
-66.35986
1.960001
597.766
-66.6719
1.960001
599.4399
-66.97269
1.960001
601.1139
-66.97269
1.960001
601.1139
-67.26266
1.960004
602.7878
-67.54219
1.960001
604.4618
-67.81165
1.960001
606.1357
-68.07141
1.960001
607.8096
-68.32182
1.960001
609.4835
-68.32182
1.960001
609.4835
-68.56319
1.960001
611.1574
-68.79588
1.960001
612.8313
-69.02019
1.960001
614.5052
-69.2364
1.960002
616.1791
-69.44483
1.960003
617.853
-69.64574
1.96
619.5269
-69.64574
1.96
619.5269
-69.83942
1.960001
621.2007
-70.02611
1.960002
622.8746
-70.20607
1.960005
624.5485
-70.37955
1.960002
626.2223
-70.54677
1.960001
627.8961
-70.54677
1.960001
627.8961
-70.70796
1.960001
629.5699
-70.86334
1.960004
631.2438
-71.01312
1.959995
632.9176
-71.1575
1.96
634.5914
-71.29668
1.960001
636.2653
-71.43083
1.960001
637.9391
-71.56015
1.96
639.6129
-71.68481
1.96
641.2867
-71.68481
1.96
641.2867
-71.80497
1.960007
642.9606
-71.9208
1.960001
644.6344
-72.03806
1.960004
646.3082
-72.16229
1.960001
647.9821
-72.29801
1.96
649.6559
-72.45012
1.96
651.3298
-72.62363
1.96
653.0037
-72.82337
1.96
654.6776
-73.05321
1.96
656.3516
-73.31676
1.96
658.0256
-73.61842
1.959999
659.6996
-73.96164
1.96
661.3738
-74.35004
1.96
663.048
-74.78714
1.960001
664.7224
-75.27657
1.96
666.3968
-75.81103
1.959998
668.0713
-75.81103
1.959998
668.0713
-76.37801
1.96
669.7458
-76.97086
1.96
671.4204
-77.58402
1.96
673.095
-78.21119
1.96
674.7696
-78.84671
1.96
676.4442
-79.48493
1.959994
678.1187
-80.12079
1.959999
679.7933
-80.74898
1.959999
681.4678
-81.36501
1.960001
683.1422
-81.96468
1.96
684.8166
-81.96468
1.96
684.8166
-82.54287
1.960014
686.4909
-83.10034
1.960016
688.1652
-83.63784
1.960019
689.8395
-84.15607
1.960018
691.5137
-84.65571
1.960017
693.1879
-85.13742
1.960032
694.8621
-85.60184
1.960007
696.5363
-85.60184
1.960007
696.5363
-86.0496
1.960016
698.2104
-86.48127
1.960018
699.8846
-86.89743
1.960018
701.5587
-87.30425
1.960011
703.2327
-87.70767
1.960003
704.9069
-88.11314
1.960008
706.581
-88.52523
1.960002
708.2551
-88.94833
1.960007
709.9293
-88.94833
1.960007
709.9293
-89.39176
1.960008
711.6036
-89.8601
1.960009
713.2779
-90.35742
1.960015
714.9523
-90.87746
1.960003
716.6267
-91.41379
1.959998
718.3011
-91.9611
1.960003
719.9756
-92.51339
1.960001
721.65
-93.06584
1.960004
723.3243
-93.6138
1.960005
724.9987
-93.6138
1.960005
724.9987
-94.14812
1.960003
726.673
-94.66454
1.960001
728.3473
-95.16242
1.960001
730.0215
-95.64244
1.960002
731.6957
-96.10523
1.960001
733.3698
-96.55141
1.96
735.0439
-96.98717
1.96
736.7181
-96.98717
1.96
736.7181
-97.42316
1.960001
738.3922
-97.8644
1.96
740.0664
-98.31578
1.959997
741.7407
-98.78169
1.959997
743.4149
-99.26642
1.959996
745.0892
-99.77437
1.959996
746.7636
-100.3103
1.959996
748.438
-100.8782
1.959999
750.1125
-101.4711
1.959993
751.7871
-102.0827
1.959999
753.4617
-102.0827
1.959999
753.4617
-102.7024
1.959993
755.1362
-103.3255
1.959998
756.8108
-103.9471
1.959993
758.4853
-104.5626
1.959992
760.1598
-105.1677
1.959992
761.8342
-105.1677
1.959992
761.8342
-105.753
1.959986
763.5086
-106.3174
1.959997
765.1829
-106.8615
1.960014
766.8572
-107.3862
1.959989
768.5314
-107.892
1.959998
770.2056
-108.3797
1.959987
771.8798
-108.8499
1.959984
773.554
-109.3032
1.959997
775.2281
-109.7403
1.959987
776.9022
-110.1616
1.959998
778.5763
-110.1616
1.959998
778.5763
-110.5678
1.96
780.2504
-110.9594
1.96
781.9244
-111.3369
1.959993
783.5985
-111.7008
1.959999
785.2725
-112.0517
1.96
786.9465
-112.3899
1.960003
788.6205
-112.3899
1.960003
788.6205
-112.716
1.959998
790.2946
-113.0303
1.959996
791.9685
-113.3333
1.959999
793.6425
-113.6254
1.959996
795.3164
-113.907
1.959999
796.9904
-113.907
1.959999
796.9904
-114.1784
1.96
798.6643
-114.4401
1.96
800.3382
-114.6923
1.960001
802.0121
-114.9355
1.96
803.686
-115.1699
1.96
805.3599
-115.3958
1.96
807.0338
-115.3958
1.96
807.0338
-115.6137
1.96
808.7076
-115.8236
1.959998
810.3815
-116.026
1.960001
812.0554
-116.2211
1.960004
813.7293
-116.4092
1.960001
815.4032
-116.5905
1.960004
817.077
-116.5905
1.960004
817.077
-116.7652
1.960004
818.7509
-116.9337
1.960001
820.4247
-117.0961
1.96
822.0985
-117.2526
1.960007
823.7723
-117.4035
1.960008
825.4462
-117.5489
1.960008
827.12
-117.6891
1.960002
828.7938
-117.6891
1.960002
828.7938
-117.8242
1.960001
830.4677
-117.9545
1.960007
832.1415
-118.0801
1.960002
833.8153
-118.2011
1.960001
835.4891
-118.3178
1.960004
837.163
-118.4303
1.960001
838.8368
-118.4303
1.960001
838.8368
-118.5387
1.960004
840.5106
-118.6432
1.960004
842.1844
-118.7439
1.960001
843.8583
-118.841
1.960004
845.5321
-118.9346
1.960004
847.2059
-119.0249
1.960001
848.8798
-119.1118
1.960001
850.5536
-119.1118
1.960001
850.5536
-119.1957
1.960001
852.2274
-119.2765
1.96
853.9012
-119.3544
1.96
855.5751
-119.4295
1.96
857.2489
-119.5018
1.959999
858.9227
-119.5716
1.96
860.5966
-119.6389
1.959997
862.2704
-119.7037
1.959996
863.9442
-119.7662
1.959996
865.618
-119.7662
1.959996
865.618
-119.8264
1.959996
867.2919
-119.8845
1.96
868.9657
-119.9404
1.959994
870.6395
-119.9944
1.959999
872.3134
-120.0464
1.96
873.9872
-120.0965
1.96
875.661
-120.1448
1.960001
877.3348
-120.1914
1.960014
879.0087
-120.2363
1.960003
880.6825
-120.2796
1.960001
882.3563
-120.2796
1.960001
882.3563
-120.3213
1.960014
884.0302
-120.3615
1.960003
885.704
-120.4002
1.960014
887.3777
-120.4376
1.960016
889.0516
-120.4736
1.960017
890.7254
-120.5083
1.959991
892.3992
-120.5418
1.960005
894.073
-120.574
1.960008
895.7468
-120.6051
1.959996
897.4207
-120.6351
1.96
899.0945
-120.664
1.960007
900.7683
-120.6918
1.960002
902.4421
-120.6918
1.960002
902.4421
-120.7187
1.960007
904.116
-120.7445
1.960002
905.7898
-120.7695
1.960001
907.4636
-120.7935
1.960001
909.1375
-120.8167
1.960001
910.8113
-120.839
1.960001
912.4851
-120.8606
1.960004
914.1589
-120.8813
1.960005
915.8328
-120.8813
1.960005
915.8328
-120.9013
1.960001
917.5066
-120.9206
1.960001
919.1804
-120.9392
1.959999
920.8542
-120.9571
1.96
922.5281
-120.9744
1.96
924.2019
-120.991
1.960001
925.8757
-121.0071
1.960001
927.5496
-121.0226
1.960001
929.2234
-121.0375
1.960001
930.8972
-121.0518
1.959997
932.571
-121.0518
1.959997
932.571
-121.0657
1.959997
934.2449
-121.079
1.96
935.9187
-121.0919
1.96
937.5925
-121.1043
1.959997
939.2664
-121.1163
1.96
940.9402
-121.1278
1.960001
942.614
-121.1389
1.959994
944.2878
-121.1496
1.959999
945.9617
-121.16
1.960007
947.6355
-121.16
1.960007
947.6355
-121.1699
1.960002
949.3093
-121.1795
1.960001
950.9832
-121.1888
1.960001
952.657
-121.1977
1.960001
954.3308
-121.2063
1.960001
956.0046
-121.2145
1.960001
957.6785
-121.2225
1.959988
959.3523
-121.2302
1.959998
961.0261
-121.2302
1.959998
961.0261
-121.2376
1.96
962.6999
-121.2448
1.959987
964.3737
-121.2517
1.959998
966.0475
-121.2583
1.96
967.7213
-121.2647
1.959987
969.3951
-121.2709
1.959998
971.0689
-121.2769
1.96
972.7427
-121.2769
1.96
972.7427
-121.2826
1.960001
974.4166
-121.2881
1.959994
976.0904
-121.2935
1.959999
977.7642
-121.2986
1.959993
979.438
-121.3036
1.959992
981.1118
-121.3083
1.959992
982.7856
-121.3129
1.959998
984.4594
-121.3129
1.959998
984.4594
-121.3174
1.959997
986.1332
-121.3216
1.959999
987.8071
-121.3258
1.96
989.4809
-121.3297
1.959998
991.1547
-121.3297
1.959998
991.1547
-121.3336
1.959998
992.8286
-121.3372
1.96
994.5024
-121.3408
1.96
996.1762
-121.3442
1.96
997.85
-121.3475
1.96
999.5239
-121.3475
1.96
999.5239
-121.3507
1.96
1001.198
-121.3538
1.96
1002.872
-121.3568
1.96
1004.545
-121.3596
1.96
1006.219
-121.3624
1.960003
1007.893
-121.3624
1.960003
1007.893
-121.365
1.960004
1009.567
-121.3676
1.960004
1011.241
-121.37
1.960001
1012.914
-121.3724
1.960004
1014.588
-121.3747
1.960001
1016.262
-121.3747
1.960001
1016.262
-121.3769
1.96
1017.936
-121.379
1.960007
1019.61
-121.3811
1.960008
1021.284
-121.3831
1.960002
1022.957
-121.385
1.960001
1024.631
-121.385
1.960001
1024.631
-121.3868
1.96
1026.305
-121.3886
1.96
1027.979
-121.3903
1.96
1029.653
-121.3919
1.96
1031.327
-121.3935
1.96
1033
-121.3935
1.96
1033
-121.3951
1.96
1034.674
-121.3965
1.96
1036.348
-121.3979
1.96
1038.022
-121.3993
1.96
1039.696
-121.4006
1.96
1041.37
-121.4006
1.96
1041.37
-121.4019
1.96
1043.043
-121.4031
1.96
1044.717
-121.4043
1.96
1046.391
-121.4055
1.96
1048.065
-121.4066
1.96
1049.739
-121.4066
1.96
1049.739
-121.4076
1.96
1051.412
-121.4086
1.96
1053.086
-121.4096
1.96
1054.76
-121.4106
1.96
1056.434
-121.4106
1.96
1056.434
-121.4115
1.96
1058.108
-121.4124
1.96
1059.782
-121.4132
1.96
1061.455
-121.414
1.96
1063.129
-121.4148
1.96
1064.803
-121.4148
1.96
1064.803
-121.4156
1.96
1066.477
-121.4163
1.96
1068.151
-121.417
1.96
1069.825
-121.4177
1.960807
1071.498
-121.4184
1.960968
1073.172
-121.4184
1.960968
1073.172
-121.419
1.961
1074.846
-121.4196
1.961
1076.52
-121.4202
1.961
1078.193
-121.4207
1.961
1079.867
-121.4213
1.961003
1081.541
-121.4213
1.961003
1081.541
-121.4218
1.960998
1083.215
-121.4223
1.961003
1084.889
-121.4228
1.961001
1086.563
-121.4233
1.961
1088.236
-121.4238
1.961
1089.91
-121.4238
1.961
1089.91
-121.4242
1.961002
1091.584
-121.4246
1.961001
1093.258
-121.425
1.961001
1094.932
-121.4254
1.961
1096.605
-121.4258
1.961
1098.279
-121.4258
1.961
1098.279
-121.4261
1.961
1099.953
-121.4265
1.961
1101.627
-121.4268
1.960997
1103.301
-121.4272
1.960996
1104.975
-121.4272
1.960996
1104.975
-121.4275
1.960999
1106.648
-121.4278
1.960997
1108.322
-121.4281
1.961
1109.996
-121.4284
1.961
1111.67
-121.4286
1.961
1113.344
-121.4286
1.961
1113.344
-121.4289
1.961007
1115.018
-121.4291
1.960995
1116.691
-121.4294
1.961006
1118.365
-121.4296
1.961001
1120.039
-121.4298
1.9602
1121.713
-121.4298
1.9602
1121.713
-121.4301
1.960047
1123.387
-121.4303
1.960009
1125.061
-121.4305
1.960002
1126.734
-121.4307
1.96
1128.408
-121.4309
1.960003
1130.082
-121.4309
1.960003
1130.082
-121.4311
1.960001
1131.756
-121.4312
1.96
1133.43
-121.4314
1.96
1135.104
-121.4316
1.96
1136.777
-121.4317
1.959998
1138.451
-121.4317
1.959998
1138.451
-121.4319
1.960001
1140.125
-121.432
1.96
1141.799
-121.4322
1.96
1143.473
-121.4323
1.96
1145.146
-121.4324
1.96
1146.82
-121.4324
1.96
1146.82
-121.4325
1.96
1148.494
-121.4327
1.96
1150.168
-121.4328
1.96
1151.842
-121.4329
1.959997
1153.516
-121.4329
1.959997
1153.516
-121.433
1.959999
1155.189
-121.4331
1.96
1156.863
-121.4332
1.96
1158.537
-121.4333
1.959997
1160.211
-121.4334
1.959999
1161.885
-121.4334
1.959999
1161.885
-121.4335
1.96
1163.559
-121.4336
1.96
1165.232
-121.4337
1.9608
1166.906
-121.4337
1.96096
1168.58
-121.4338
1.960992
1170.254
-121.4338
1.960992
1170.254
-121.4339
1.960999
1171.927
-121.434
1.961
1173.601
-121.434
1.961
1175.275
-121.4341
1.961
1176.949
-121.4342
1.960997
1178.623
-121.4342
1.960997
1178.623
-121.4342
1.961
1180.297
-121.4343
1.960997
1181.97
-121.4343
1.961
1183.644
-121.4344
1.961
1185.318
-121.4345
1.961
1186.992
-121.4345
1.961
1186.992
-121.4345
1.960999
1188.666
-121.4346
1.961
1190.339
-121.4346
1.961
1192.013
-121.4347
1.961
1193.687
-121.4347
1.961
1193.687
-121.4347
1.961001
1195.361
-121.4347
1.961001
1197.035
-121.4348
1.961002
1198.709
-121.4348
1.961001
1200.382
-121.4349
1.961004
1202.056
-121.4349
1.961004
1202.056
-121.4349
1.961004
1203.73
-121.4349
1.961001
1205.404
-121.435
1.961001
1207.078
-121.435
1.961007
1208.752
-121.435
1.961002
1210.425
-121.435
1.961002
1210.425
-121.4351
1.961007
1212.099
-121.4351
1.961002
1213.773
-121.4351
1.961001
1215.447
-121.4352
1.961001
1217.121
-121.4352
1.960207
1218.795
-121.4352
1.960042
1220.468
-121.4352
1.960042
1220.468
-121.4352
1.960009
1222.142
-121.4353
1.960002
1223.816
-121.4353
1.960001
1225.49
-121.4353
1.96
1227.164
-121.4353
1.96
1228.837
-121.4353
1.959997
1230.511
-121.4298
1.96
1232.185
-121.4298
1.96
1232.185
-121.4086
1.96
1233.859
-121.3675
1.96
1235.533
-121.3029
1.96
1237.207
-121.2108
1.96
1238.88
-121.0877
1.960001
1240.554
-121.0877
1.960001
1240.554
-120.9255
1.960001
1242.228
-120.7208
1.96
1243.902
-120.4706
1.959999
1245.576
-120.1718
1.96
1247.25
-119.8215
1.959998
1248.924
-119.8215
1.959998
1248.924
-119.412
1.96
1250.599
-118.9412
1.959993
1252.273
-118.4062
1.959996
1253.948
-117.8047
1.959992
1255.623
-117.1344
1.959995
1257.297
-117.1344
1.959995
1257.297
-116.3944
1.959992
1258.973
-115.5872
1.959998
1260.648
-114.7149
1.959992
1262.323
-113.8087
2.097168
1263.949
-112.8446
2.192166
1265.634
-112.8446
2.192166
1265.634
-111.8338
2.246251
1267.319
-110.7927
2.260651
1269.004
-109.7565
2.236556
1270.689
-108.7249
2.175122
1272.375
-107.6981
2.077467
1274.06
-107.6981
2.077467
1274.06
-106.6807
1.944679
1275.745
-105.6964
1.957733
1277.384
-104.7081
1.960348
1279.059
-103.7218
1.96087
1280.734
-103.7218
1.96087
1280.734
-102.7468
1.960975
1282.409
-101.7878
1.960997
1284.084
-100.8487
1.960998
1285.76
-99.92402
1.961
1287.435
-99.00787
1.961001
1289.11
-98.09524
1.961002
1290.785
-98.09524
1.961002
1290.785
-97.17669
1.961001
1292.46
-96.24782
1.961
1294.136
-95.30429
1.961002
1295.811
-94.3418
1.961004
1297.486
-93.36553
1.961005
1299.162
-93.36553
1.961005
1299.162
-92.38586
1.961012
1300.837
-91.40758
1.961006
1302.513
-90.43529
1.961002
1304.188
-89.4735
1.961004
1305.863
-88.52647
1.961005
1307.538
-88.52647
1.961005
1307.538
-87.6031
1.960188
1309.214
-86.70734
1.960042
1310.888
-85.84285
1.960009
1312.563
-85.00909
1.959996
1314.238
-84.20499
1.960003
1315.913
-84.20499
1.960003
1315.913
-83.42952
1.959999
1317.588
-82.68168
1.959995
1319.262
-81.9605
1.959999
1320.937
-81.26507
1.959996
1322.611
-80.59447
1.96
1324.286
-80.59447
1.96
1324.286
-79.94783
1.96
1325.96
-79.32431
1.96
1327.635
-78.7231
1.960001
1329.309
-78.14341
1.959999
1330.984
-77.58448
1.960002
1332.658
-77.58448
1.960002
1332.658
-77.04558
1.960002
1334.332
-76.52599
1.960003
1336.006
-76.02505
1.960003
1337.681
-75.54208
1.960006
1339.355
-75.07644
1.960007
1341.029
-75.07644
1.960007
1341.029
-74.62752
1.960002
1342.703
-74.19472
1.960007
1344.377
-73.77747
1.960007
1346.051
-73.37521
1.960005
1347.725
-73.37521
1.960005
1347.725
-72.98742
1.960001
1349.4
-72.61362
1.960801
1351.073
-72.25322
1.96096
1352.747
-71.90578
1.960992
1354.421
-71.57083
1.960997
1356.095
-71.57083
1.960997
1356.095
-71.24794
1.961005
1357.769
-70.93667
1.961001
1359.443
-70.6366
1.961
1361.117
-70.34734
1.961001
1362.791
-70.0685
1.961
1364.465
-70.0685
1.961
1364.465
-69.79969
1.961003
1366.139
-69.54057
1.961001
1367.813
-69.29077
1.961007
1369.487
-69.04998
1.961002
1371.161
-68.81786
1.961002
1372.835
-68.81786
1.961002
1372.835
-68.59411
1.961001
1374.509
-68.37842
1.961
1376.182
-68.1705
1.961
1377.856
-67.97008
1.960998
1379.53
-67.77688
1.960998
1381.204
-67.77688
1.960998
1381.204
-67.59064
1.961002
1382.878
-67.41111
1.960999
1384.552
-67.2332
1.961
1386.225
-67.05125
1.961002
1387.899
-66.86072
1.960997
1389.573
-66.65726
1.961
1391.247
-66.65726
1.961
1391.247
-66.43198
1.961
1392.921
-66.18118
1.960993
1394.595
-65.90102
1.960996
1396.269
-65.58804
1.960999
1397.943
-65.23874
1.961001
1399.617
-65.23874
1.961001
1399.617
-64.84502
1.960194
1401.292
-64.40398
1.960032
1402.966
-63.92193
1.96
1404.64
-63.40557
1.959987
1406.315
-62.86074
1.959992
1407.989
-62.86074
1.959992
1407.989
-62.29774
1.959999
1409.663
-61.72189
1.959997
1411.338
-61.13824
1.96
1413.012
-60.55172
1.959997
1414.687
-59.96708
1.96
1416.361
-59.96708
1.96
1416.361
-59.39363
1.959998
1418.036
-58.83555
1.96
1419.71
-58.29699
1.96
1421.384
-57.77774
1.96
1423.058
-57.27712
1.960001
1424.733
-57.27712
1.960001
1424.733
-56.79445
1.960002
1426.407
-56.32911
1.960002
1428.081
-55.88048
1.960002
1429.755
-55.44796
1.960001
1431.429
-55.02637
1.960004
1433.103
-55.02637
1.960004
1433.103
-54.6057
1.960001
1434.778
-54.18127
1.960004
1436.452
-53.74852
1.960001
1438.126
-53.303
1.960007
1439.8
-52.84067
1.960005
1441.474
-52.84067
1.960005
1441.474
-52.35283
1.960008
1443.149
-51.83563
1.96001
1444.823
-51.29469
1.960009
1446.498
-50.73649
1.960796
1448.172
-50.16627
1.96096
1449.846
-49.58926
1.960992
1451.521
-49.58926
1.960992
1451.521
-49.01478
1.960992
1453.195
-48.44744
1.960992
1454.87
-47.89175
1.960993
1456.544
-47.3518
1.960996
1458.218
-47.3518
1.960996
1458.218
-46.83121
1.961
1459.892
-46.3293
1.961001
1461.567
-45.8454
1.961001
1463.241
-45.37886
1.961001
1464.915
-44.92907
1.961001
1466.589
-44.49066
1.961001
1468.263
-44.49066
1.961001
1468.263
-44.05367
1.961001
1469.938
-43.61341
1.961001
1471.612
-43.16538
1.961
1473.286
-42.7051
1.961002
1474.96
-42.22847
1.961002
1476.635
-42.22847
1.961002
1476.635
-41.72675
1.961001
1478.309
-41.19615
1.961
1479.983
-40.63308
1.961002
1481.658
-40.04337
1.961001
1483.332
-39.43322
1.961
1485.007
-39.43322
1.961
1485.007
-38.81266
1.961
1486.682
-38.18684
1.961
1488.356
-37.56045
1.961007
1490.031
-36.93814
1.961008
1491.705
-36.32443
1.961004
1493.38
-36.32443
1.961004
1493.38
-35.72825
1.960194
1495.054
-35.15348
1.960033
1496.729
-34.59932
1.960007
1498.403
-34.06502
1.960002
1500.077
-33.54988
1.960001
1501.751
-33.54988
1.960001
1501.751
-33.05321
1.960001
1503.426
-32.57436
1.959997
1505.1
-32.11271
1.96
1506.774
-31.66762
1.96
1508.448
-31.23853
1.960001
1510.122
-31.23853
1.960001
1510.122
-30.82485
1.960001
1511.796
-30.42603
1.960001
1513.47
-30.04156
1.960001
1515.144
-29.67091
1.96
1516.818
-29.31359
1.960001
1518.492
-29.31359
1.960001
1518.492
-28.96912
1.960001
1520.166
-28.63704
1.96
1521.84
-28.31692
1.960003
1523.514
-28.00832
1.960001
1525.188
-28.00832
1.960001
1525.188
-27.71082
1.960002
1526.862
-27.42404
1.960001
1528.536
-27.14758
1.960007
1530.21
-26.88108
1.960002
1531.884
-26.62418
1.960001
1533.558
-26.62418
1.960001
1533.558
-26.37653
1.960011
1535.232
-26.13781
1.960009
1536.906
-25.90768
1.960003
1538.58
-25.68585
1.960001
1540.254
-25.47204
1.960807
1541.927
-25.47204
1.960807
1541.927
-25.26591
1.960962
1543.601
-25.06721
1.960993
1545.275
-24.87566
1.960998
1546.949
-24.69102
1.961006
1548.623
-24.51304
1.961008
1550.296
-24.51304
1.961008
1550.296
-24.34147
1.961005
1551.97
-24.17609
1.960998
1553.644
-24.01667
1.961
1555.318
-23.863
1.961
1556.992
-23.71486
1.961
1558.666
-23.71486
1.961
1558.666
-23.57207
1.961
1560.339
-23.43443
1.961002
1562.013
-23.30175
1.961001
1563.687
-23.17385
1.961
1565.361
-23.05057
1.961
1567.035
-23.05057
1.961
1567.035
-22.93173
1.961
1568.708
-22.81718
1.960999
1570.382
-22.70676
1.961002
1572.056
-22.60032
1.961001
1573.73
-22.60032
1.961001
1573.73
-22.49772
1.960997
1575.404
-22.39882
1.960996
1577.078
-22.30349
1.960999
1578.751
-22.2116
1.960997
1580.425
-22.12302
1.961
1582.099
-22.12302
1.961
1582.099
-22.03319
1.960994
1583.773
-21.93669
1.960992
1585.447
-21.82911
1.960992
1587.121
-21.70526
1.960999
1588.794
-21.56108
1.960993
1590.468
-21.39266
1.960192
1592.142
-21.19626
1.960032
1593.816
-21.19626
1.960032
1593.816
-20.9636
1.96
1595.49
-20.69129
1.96
1597.164
-20.37614
1.959994
1598.838
-20.02436
1.959999
1600.512
-19.64218
1.959997
1602.187
-19.64218
1.959997
1602.187
-19.24007
1.96
1603.861
-18.82327
1.96
1605.535
-18.39701
1.959999
1607.209
-17.9662
1.959998
1608.883
-17.53568
1.960005
1610.557
-17.53568
1.960005
1610.557
-17.11469
1.960004
1612.232
-16.70769
1.960004
1613.906
-16.31531
1.960003
1615.58
-15.93705
1.96
1617.254
-15.57239
1.960003
1618.928
-15.57239
1.960003
1618.928
-15.22084
1.960001
1620.602
-14.88194
1.960002
1622.276
-14.55524
1.959994
1623.95
-14.24029
1.959999
1625.624
-14.24029
1.959999
1625.624
-13.93668
1.959994
1627.298
-13.63927
1.959997
1628.972
-13.34228
1.96
1630.646
-13.04107
1.960002
1632.319
-12.73111
1.960002
1633.993
-12.40812
1.959997
1635.667
-12.40812
1.959997
1635.667
-12.06332
1.960806
1637.341
-11.69276
1.960955
1639.015
-11.30217
1.960991
1640.69
-10.89713
1.960998
1642.364
-10.48281
1.960999
1644.038
-10.48281
1.960999
1644.038
-10.06882
1.961
1645.712
-9.659894
1.961003
1647.386
-9.26037
1.961001
1649.06
-8.874558
1.961
1650.734
-8.502624
1.961003
1652.408
-8.502624
1.961003
1652.408
-8.144065
1.961
1654.083
-7.798405
1.961
1655.756
-7.46518
1.961
1657.43
-7.143948
1.961001
1659.104
-6.834276
1.961
1660.778
-6.834276
1.961
1660.778
-6.535752
1.961
1662.452
-6.247976
1.961
1664.126
-5.970562
1.961
1665.8
-5.703137
1.960998
1667.474
-5.445345
1.960998
1669.148
-5.445345
1.960998
1669.148
-5.196838
1.960997
1670.822
-4.957283
1.960996
1672.496
-4.72636
1.961003
1674.17
-4.503757
1.961004
1675.844
-4.289174
1.961001
1677.517
-4.289174
1.961001
1677.517
-4.082325
1.961
1679.191
-3.88293
1.961
1680.865
-3.690722
1.961
1682.539
-3.505441
1.960993
1684.213
-3.326839
1.960999
1685.887
-3.326839
1.960999
1685.887
-3.154652
1.960206
1687.561
-2.98869
1.960041
1689.234
-2.828714
1.960009
1690.908
-2.674507
1.960002
1692.582
-2.52586
1.960001
1694.256
-2.52586
1.960001
1694.256
-2.382573
1.959997
1695.93
-2.244452
1.96
1697.604
-2.111312
1.96
1699.277
-1.982973
1.96
1700.951
-1.982973
1.96
1700.951
-1.859261
1.960003
1702.625
-1.740011
1.960001
1704.299
-1.625062
1.96
1705.973
-1.514258
1.96
1707.646
-1.407449
1.959999
1709.32
-1.407449
1.959999
1709.32
-1.304493
1.96
1710.994
-1.205251
1.96
1712.668
-1.109587
1.96
1714.342
-1.017373
1.96
1716.016
-0.9284859
1.96
1717.689
-0.9284859
1.96
1717.689
-0.8428044
1.96
1719.363
-0.7602132
1.960003
1721.037
-0.6806009
1.960001
1722.711
-0.6038601
1.96
1724.385
-0.5298873
1.96
1726.059
-0.5298873
1.96
1726.059
-0.4585827
1.960003
1727.732
-0.38985
1.960001
1729.406
-0.3235965
1.96
1731.08
-0.2597329
1.960007
1732.754
-0.1981728
1.960001
1734.428
-0.1981728
1.960001
1734.428
-0.1388417
1.9608
1736.101
-0.08164434
1.960967
1737.775
-0.02650881
1.960994
1739.449
0.02663806
1.960999
1741.123
0.02663806
1.960999
1741.123
0.07786783
1.961
1742.797
0.1272496
1.961
1744.47
0.17485
1.961
1746.144
0.2207333
1.961
1747.818
0.2649615
1.961
1749.492
0.2649615
1.961
1749.492
0.3075942
1.961
1751.166
0.348689
1.961
1752.839
0.3883013
1.961
1754.513
0.4264847
1.961
1756.187
0.4632907
1.961
1757.861
0.4632907
1.961
1757.861
0.4987689
1.961
1759.535
0.5329673
1.961
1761.209
0.565932
1.961
1762.882
0.5977075
1.961
1764.556
0.6283368
1.961
1766.23
0.6283368
1.961
1766.23
0.6578611
1.961
1767.904
0.6863204
1.961
1769.578
0.713753
1.961
1771.252
0.740196
1.961
1772.925
0.7656851
1.961
1774.599
0.7656851
1.961
1774.599
0.7902547
1.961
1776.273
0.8139379
1.961
1777.947
0.8367668
1.961
1779.621
0.8587722
1.961
1781.295
0.8799837
1.961
1782.968
0.8799837
1.961
1782.968
0.90043
1.961
1784.642
0.9201415
1.9602
1786.316
0.9391399
1.96004
1787.99
0.9574525
1.960008
1789.664
0.9574525
1.960008
1789.664
0.9751045
1.960002
1791.337
0.9921197
1.960001
1793.011
1.008521
1.96
1794.685
1.024331
1.96
1796.359
1.03957
1.96
1798.033
1.03957
1.96
1798.033
1.05426
1.96
1799.707
1.068419
1.96
1801.38
1.082068
1.96
1803.054
1.095225
1.96
1804.728
1.107907
1.96
1806.402
1.107907
1.96
1806.402
1.120131
1.96
1808.076
1.131915
1.96
1809.75
1.143273
1.96
1811.423
1.154222
1.96
1813.097
1.164776
1.96
1814.771
1.164776
1.96
1814.771
1.174949
1.96
1816.445
1.184755
1.96
1818.119
1.194207
1.96
1819.792
1.203318
1.96
1821.466
1.212101
1.96
1823.14
1.212101
1.96
1823.14
1.220566
1.96
1824.814
1.228727
1.96
1826.488
1.236593
1.96
1828.162
1.244175
1.96
1829.835
1.244175
1.96
1829.835
1.251484
1.96
1831.509
1.258529
1.96
1833.183
1.26532
1.96
1834.857
1.271866
1.96
1836.531
1.278215
2.697937
1838.992
1.278215
2.697937
1838.992
1.284374
3.375673
1840.677
1.290349
3.995015
1842.362
1.296144
4.557713
1844.047
1.301765
5.065468
1845.733
1.307217
5.519927
1847.418
1.307217
5.519927
1847.418
1.312507
5.922689
1849.103
1.317637
6.275306
1850.788
1.322613
6.579282
1852.473
1.327441
6.836075
1854.159
1.332123
7.047102
1855.844
1.332123
7.047102
1855.844
1.336665
7.213736
1857.529
1.34107
7.337307
1859.214
1.345344
7.419108
1860.899
1.349489
7.460393
1862.584
1.35351
7.462377
1864.27
1.35351
7.462377
1864.27
1.35741
7.426238
1865.955
1.361194
7.35312
1867.64
1.364863
7.244133
1869.325
1.368423
7.100353
1871.01
1.371876
6.922824
1872.696
1.371876
6.922824
1872.696
1.375225
6.712558
1874.381
1.378474
6.470537
1876.066
1.381625
6.197713
1877.751
1.384682
5.895012
1879.436
1.384682
5.895012
1879.436
1.387647
5.563329
1881.121
1.390523
5.203533
1882.807
1.393313
4.816469
1884.492
1.396019
4.402953
1886.177
1.398644
3.96378
1887.862
1.398644
3.96378
1887.862
1.401191
3.49972
1889.547
1.40366
3.011519
1891.233
1.406056
2.499901
1892.918
1.40838
1.965568
1894.603
1.41046
1.961114
1896.123
1.41046
1.961114
1896.123
1.412466
1.960223
1897.717
1.4144
1.960045
1899.386
1.416265
1.960009
1901.06
1.418063
1.960002
1902.734
1.419795
1.960001
1904.407
1.419795
1.960001
1904.407
1.421466
1.96
1906.081
1.423076
1.96
1907.755
1.424628
1.96
1909.429
1.426124
1.96
1911.103
1.427566
1.96
1912.776
1.427566
1.96
1912.776
1.428956
1.96
1914.45
1.430295
1.96
1916.124
1.431587
1.96
1917.798
1.432832
1.96
1919.472
1.434032
1.96
1921.146
1.434032
1.96
1921.146
1.435188
1.96
1922.819
1.436303
1.96
1924.493
1.437378
1.96
1926.167
1.438414
1.96
1927.841
1.439413
1.96
1929.515
1.439413
1.96
1929.515
1.440375
1.96
1931.189
1.441303
1.96
1932.862
1.442197
1.96
1934.536
1.44306
1.96
1936.21
1.44306
1.96
1936.21
1.443896
1.921937
1937.895
1.444707
2.622954
1940.356
1.445494
3.264877
1942.042
1.446257
3.849479
1943.727
1.446998
4.37848
1945.412
1.446998
4.37848
1945.412
1.447716
4.853549
1947.097
1.448412
5.276303
1948.782
1.449088
5.648311
1950.468
1.449744
5.971097
1952.153
1.450379
6.246136
1953.838
1.450379
6.246136
1953.838
1.450996
6.474861
1955.523
1.451594
6.658661
1957.208
1.452174
6.798885
1958.893
1.452737
6.89684
1960.579
1.453283
6.953793
1962.264
1.453283
6.953793
1962.264
1.453813
6.970974
1963.949
1.454326
6.949577
1965.634
1.454825
6.890759
1967.319
1.455308
6.795643
1969.005
1.455308
6.795643
1969.005
1.455777
6.665318
1970.69
1.456231
6.50084
1972.375
1.456673
6.303233
1974.06
1.4571
6.073492
1975.745
1.457515
5.81258
1977.43
1.457918
5.521432
1979.116
1.457918
5.521432
1979.116
1.458309
5.200957
1980.801
1.458687
4.852033
1982.486
1.459055
4.475513
1984.171
1.459411
4.072227
1985.856
1.459757
3.642976
1987.542
1.459757
3.642976
1987.542
1.460092
3.18854
1989.227
1.460418
2.709674
1990.912
1.460733
2.207112
1992.597
1.461039
1.681563
1994.282
1.461302
1.904313
1995.736
1.461302
1.904313
1995.736
1.461565
1.948863
1997.32
1.461821
1.957773
1998.988
1.462069
1.959555
2000.661
1.462307
1.959911
2002.335
1.462537
1.959982
2004.009
1.462537
1.959982
2004.009
1.462759
1.959997
2005.683
1.462973
1.959999
2007.357
1.463179
1.96
2009.03
1.463377
1.96
2010.704
1.463568
1.96
2012.378
1.463568
1.96
2012.378
1.463753
1.96
2014.052
1.46393
1.96
2015.726
1.464102
1.96
2017.4
1.464267
1.96
2019.073
1.464426
1.96
2020.747
1.464426
1.96
2020.747
1.46458
1.96
2022.421
1.464728
1.96
2024.095
1.46487
1.96
2025.769
1.465008
1.96
2027.443
1.465008
1.96
2027.443
1.46514
1.96
2029.116
1.465268
1.96
2030.79
1.465391
1.96
2032.464
1.46551
1.96
2034.138
1.465624
1.96
2035.812
1.465624
1.96
2035.812
1.465735
1.921937
2037.497
1.465843
2.622954
2039.958
1.465947
3.264877
2041.643
1.466048
3.849479
2043.328
1.466146
4.37848
2045.014
1.466146
4.37848
2045.014
1.466242
4.853549
2046.699
1.466334
5.276303
2048.384
1.466424
5.648311
2050.069
1.466511
5.971097
2051.755
1.466595
6.246136
2053.44
1.466595
6.246136
2053.44
1.466677
6.474861
2055.125
1.466756
6.658661
2056.811
1.466833
6.798885
2058.496
1.466908
6.89684
2060.181
1.46698
6.953793
2061.866
1.46698
6.953793
2061.866
1.46705
6.970974
2063.552
1.467119
6.949577
2065.237
1.467185
6.890759
2066.922
1.467249
6.795643
2068.608
1.467249
6.795643
2068.608
1.467311
6.665318
2070.293
1.467371
6.50084
2071.978
1.46743
6.303233
2073.664
1.467487
6.073492
2075.349
1.467542
5.81258
2077.034
1.467542
5.81258
2077.034
1.467595
5.521432
2078.719
1.467647
5.200957
2080.405
1.467697
4.852033
2082.09
1.467746
4.475513
2083.775
1.467793
4.072227
2085.461
1.467793
4.072227
2085.461
1.467839
3.642976
2087.146
1.467884
3.18854
2088.831
1.467927
2.709674
2090.517
1.467969
2.207112
2092.202
1.468009
1.681563
2093.887
1.468009
1.681563
2093.887
1.468044
1.904313
2095.341
1.468079
1.948863
2096.925
1.468113
1.957773
2098.593
1.468145
1.959555
2100.267
1.468177
1.959911
2101.94
1.468177
1.959911
2101.94
1.468207
1.959982
2103.614
1.468237
1.959997
2105.288
1.468265
1.959999
2106.962
1.468292
1.96
2108.635
1.468318
1.96
2110.309
1.468318
1.96
2110.309
1.468343
1.96
2111.983
1.468368
1.96
2113.657
1.468391
1.96
2115.331
1.468414
1.96
2117.005
1.468414
1.96
2117.005
1.468436
1.96
2118.678
1.468457
1.96
2120.352
1.468477
1.96
2122.026
1.468497
1.96
2123.7
1.468515
1.96
2125.374
1.468515
1.96
2125.374
1.468534
1.96
2127.048
1.468551
1.96
2128.721
1.468568
1.96
2130.395
1.468584
1.96
2132.069
1.4686
1.96
2133.743
1.4686
1.96
2133.743
1.468615
1.96
2135.417
1.468629
1.96
2137.091
1.468643
1.96
2138.764
1.468657
1.96
2140.438
1.46867
1.96
2142.112
1.46867
1.96
2142.112
1.468682
1.96
2143.786
1.468695
1.96
2145.46
1.468706
1.96
2147.134
1.468717
1.96
2148.807
1.468728
1.96
2150.481
1.468728
1.96
2150.481
1.468739
1.96
2152.155
1.468749
1.96
2153.829
1.468758
1.96
2155.503
1.468768
1.96
2157.177
1.468768
1.96
2157.177
1.468777
1.96
2158.85
1.468785
1.96
2160.524
1.468794
1.96
2162.198
1.468802
1.96
2163.872
1.46881
1.96
2165.546
1.46881
1.96
2165.546
1.468817
1.96
2167.219
1.468824
1.96
2168.893
1.468831
1.96
2170.567
1.468838
1.96
2172.241
1.468844
1.96
2173.915
1.468844
1.96
2173.915
1.468851
1.96
2175.589
1.468857
1.96
2177.262
1.468862
1.96
2178.936
1.468868
1.96
2180.61
1.468873
1.96
2182.284
1.468873
1.96
2182.284
1.468879
1.96
2183.958
1.468884
1.96
2185.632
1.468888
1.96
2187.305
1.468893
1.96
2188.979
1.468897
1.96
2190.653
1.468897
1.96
2190.653
1.468902
1.96
2192.327
1.468906
1.96
2194.001
1.46891
1.96
2195.675
1.468914
1.96
2197.348
1.468917
1.96
2199.022
1.468917
1.96
2199.022
1.468921
1.96
2200.696
1.468924
1.96
2202.37
1.468928
1.96
2204.044
1.468931
1.96
2205.718
1.468934
1.96
2207.391
1.468937
1.96
2209.065
1.46894
1.96
2210.739
1.468943
1.96
2212.413
1.468945
1.96
2214.087
1.468945
1.96
2214.087
1.468948
2.309937
2215.772
1.46895
2.611314
2217.457
1.468953
2.865586
2219.143
1.468955
3.074167
2220.828
1.468957
3.238428
2222.513
1.468959
3.359699
2224.198
1.468962
3.439268
2225.884
1.468964
3.478388
2227.569
1.468966
3.478271
2229.254
1.468968
3.440095
2230.94
1.468969
3.365001
2232.625
1.468971
3.254098
2234.31
1.468973
3.108458
2235.996
1.468975
2.929125
2237.681
1.468975
2.929125
2237.681
1.468976
2.717109
2239.366
1.468978
2.473391
2241.052
1.46898
2.198922
2242.737
1.468981
1.894624
2244.422
1.468982
1.946925
2245.992
1.468984
1.957385
2247.648
1.468985
1.959477
2249.321
1.468986
1.959896
2250.995
1.468987
1.959979
2252.668
1.468988
2.309916
2254.354
1.468989
2.611293
2256.039
1.468991
2.865565
2257.724
1.468991
2.865565
2257.724
1.468992
3.074146
2259.41
1.468993
3.238407
2261.095
1.468994
3.359678
2262.78
1.468994
3.439247
2264.466
1.468995
3.478367
2266.151
1.468996
3.47825
2267.836
1.468997
3.440074
2269.521
1.468998
3.364981
2271.207
1.468999
3.254077
2272.892
1.469
3.108438
2274.577
1.469
2.929105
2276.263
1.469
2.929105
2276.263
1.469001
2.717089
2277.948
1.469002
2.473371
2279.633
1.469002
2.198902
2281.319
1.469003
1.894604
2283.004
1.469004
1.946921
2284.573
1.469004
1.957384
2286.23
1.469005
1.959477
2287.903
1.469006
1.959895
2289.576
1.469006
2.309833
2291.262
1.469007
2.611209
2292.947
1.469007
2.865481
2294.632
1.469007
2.865481
2294.632
1.469008
3.074062
2296.318
1.469008
3.238323
2298.003
1.469009
3.359594
2299.688
1.469009
3.439163
2301.374
1.46901
3.478283
2303.059
1.46901
3.478166
2304.744
1.46901
3.43999
2306.429
1.46901
3.43999
2306.429
1.469011
3.364897
2308.115
1.469011
3.253993
2309.8
1.469011
3.108354
2311.485
1.469012
2.929021
2313.171
1.469012
2.717005
2314.856
1.469012
2.473287
2316.541
1.469012
2.473287
2316.541
1.469013
2.198818
2318.227
1.469013
1.89452
2319.912
1.469014
1.949288
2321.597
1.469014
1.96435
2323.282
1.469014
1.96087
2324.962
1.469014
1.960174
2326.635
1.469015
1.960035
2328.308
1.469015
1.960007
2329.982
1.469015
1.960001
2331.656
1.469015
1.96
2333.33
1.469016
1.96
2335.004
1.469016
1.96
2335.004
1.469016
1.96
2336.677
1.469016
1.96
2338.351
1.469016
2.309937
2340.037
1.469017
2.611314
2341.722
1.469017
2.865586
2343.407
1.469017
3.074167
2345.093
1.469017
3.238428
2346.778
1.469018
3.359699
2348.463
1.469018
3.359699
2348.463
1.469018
3.439268
2350.148
1.469018
3.478388
2351.834
1.469018
3.478271
2353.519
1.469018
3.440095
2355.204
1.469018
3.365001
2356.89
1.469018
3.254098
2358.575
1.469018
3.108458
2360.26
1.469018
3.108458
2360.26
1.469018
2.929125
2361.946
1.469019
2.717109
2363.631
1.469019
2.473391
2365.316
1.469019
2.198922
2367.001
1.469019
1.894624
2368.687
1.469019
1.946919
2370.256
1.469019
1.957377
2371.913
1.469019
1.959469
2373.586
1.469018
1.959887
2375.259
1.469018
1.959887
2375.259
1.469018
1.959971
2376.933
1.469018
1.959988
2378.607
1.469018
1.959994
2380.281
1.469018
1.959996
2381.955
1.469018
1.959996
2383.628
1.469018
1.959996
2385.302
1.469018
1.959999
2386.976
1.469018
1.959999
2386.976
1.469018
1.96
2388.65
1.469018
1.96
2390.324
1.469018
1.959998
2391.998
1.469018
1.959999
2393.671
1.469018
1.96
2395.345
1.469017
1.96
2397.019
1.469017
1.960001
2398.693
1.469017
1.960001
2398.693
1.469017
1.960004
2400.367
1.469017
1.960004
2402.041
1.469017
1.960004
2403.714
1.469017
1.960001
2405.388
1.469017
1.960004
2407.062
1.469017
1.960004
2408.736
1.469016
1.960004
2410.41
1.469016
1.960001
2412.083
1.469016
1.96
2413.757
1.469016
1.96
2413.757
1.469016
1.96
2415.431
1.469016
1.960007
2417.105
1.469016
1.960001
2418.779
1.469016
1.96
2420.453
1.469016
1.960007
2422.126
1.469016
1.960001
2423.8
1.469016
1.96
2425.474
1.469016
1.960007
2427.148
1.469016
1.960015
2428.822
1.469016
1.960016
2430.496
1.469016
1.960016
2430.496
1.469016
1.960003
2432.169
1.469016
1.960014
2433.843
1.469016
1.960003
2435.517
1.469016
1.960001
2437.191
1.469016
1.96
2438.865
1.469016
1.960007
2440.539
1.469016
1.960008
2442.212
1.469016
1.960008
2443.886
1.469016
1.960015
2445.56
1.469016
1.960015
2445.56
1.469016
1.96001
2447.234
1.469016
1.960015
2448.908
1.469016
1.96001
2450.582
1.469016
1.960015
2452.255
1.469016
1.960003
2453.929
1.469016
1.960007
2455.603
1.469016
1.960007
2455.603
1.469016
1.960005
2457.277
1.469017
1.998065
2458.962
1.469017
2.073047
2460.647
1.469017
2.183841
2462.333
1.469017
2.329375
2464.018
1.469017
2.508606
2465.703
1.469017
2.720522
2467.389
1.469017
2.964144
2469.074
1.469017
2.964144
2469.074
1.469017
3.23852
2470.759
1.469018
3.542727
2472.445
1.469018
3.875871
2474.13
1.469018
4.237083
2475.815
1.469018
4.625523
2477.5
1.463309
5.040371
2479.186
1.446352
5.480837
2480.871
1.413589
5.946152
2482.556
1.413589
5.946152
2482.556
1.35512
6.43557
2484.242
1.266057
6.948369
2485.927
1.142491
7.483846
2487.612
0.9808233
8.041322
2489.298
0.7774689
8.620136
2490.983
0.5289402
9.219649
2492.668
0.23186
9.839239
2494.354
0.23186
9.839239
2494.354
-0.1223911
10.4783
2496.039
-0.5368323
11.13626
2497.724
-1.014589
11.81254
2499.409
-1.558625
12.50659
2501.095
-2.172052
13.21789
2502.78
-2.172052
13.21789
2502.78
-2.862233
13.94591
2504.465
-3.626866
14.69015
2506.151
-4.463717
15.45013
2507.836
-5.370619
16.22537
2509.521
-6.345471
17.01542
2511.207
-7.380525
17.81983
2512.892
-8.434263
18.56204
2514.577
-9.482292
19.24393
2516.262
-10.52506
19.86729
2517.948
-11.56278
20.43389
2519.633
-12.59515
20.94543
2521.318
-12.59515
20.94543
2521.318
-13.61709
21.40356
2523.004
-14.6343
21.80989
2524.689
-15.64665
22.16596
2526.374
-16.65383
22.47329
2528.06
-17.65598
22.73333
2529.745
-18.65314
22.94751
2531.43
-19.6428
23.1172
2533.115
-19.6428
23.1172
2533.115
-20.61494
23.24374
2534.801
-21.56538
23.32842
2536.486
-22.48977
23.3725
2538.171
-23.38644
23.37719
2539.857
-24.2562
23.34368
2541.542
-25.09987
23.27311
2543.227
-25.91823
23.1666
2544.913
-25.91823
23.1666
2544.913
-26.71204
23.02521
2546.598
-27.48204
22.85001
2548.283
-28.22893
22.642
2549.969
-28.95342
22.40216
2551.654
-29.65618
22.13146
2553.339
-30.33785
21.83082
2555.024
-30.99907
21.50113
2556.71
-30.99907
21.50113
2556.71
-31.64045
21.14328
2558.395
-32.2626
20.75809
2560.08
-32.86607
20.3464
2561.766
-33.45145
19.90899
2563.451
-34.01926
19.44665
2565.136
-34.57004
18.96011
2566.822
-35.10429
18.45011
2568.507
-35.62252
17.91734
2570.192
-35.62252
17.91734
2570.192
-36.1252
17.36249
2571.877
-36.6128
16.78623
2573.563
-37.08578
16.18919
2575.248
-37.54456
15.57199
2576.933
-37.98958
14.93526
2578.619
-38.42125
14.27956
2580.304
-38.83997
13.60547
2581.989
-39.24613
12.98966
2583.675
-39.6401
12.43039
2585.36
-40.02225
11.92597
2587.045
-40.39294
11.47473
2588.73
-40.75251
11.0751
2590.416
-40.75251
11.0751
2590.416
-41.1013
10.72552
2592.101
-41.43961
10.42449
2593.786
-41.76778
10.17055
2595.472
-42.08611
9.962298
2597.157
-42.39488
9.798353
2598.842
-42.69439
9.677389
2600.528
-42.98491
9.598117
2602.213
-43.26672
9.559285
2603.898
-43.54008
9.559682
2605.583
-43.80523
9.598129
2607.269
-44.06814
9.673486
2608.954
-44.33458
9.784645
2610.639
-44.61016
9.930532
2612.325
-44.89976
10.11011
2614.01
-45.20794
10.32235
2615.695
-45.53983
10.5663
2617.381
-45.53983
10.5663
2617.381
-45.90484
10.84099
2619.066
-46.30682
11.1455
2620.751
-46.74928
11.47894
2622.437
-47.23582
11.84043
2624.122
-47.76996
12.22915
2625.807
-47.76996
12.22915
2625.807
-48.35971
12.64427
2627.492
-48.99886
13.08499
2629.178
-49.68021
13.55056
2630.863
-50.39777
14.04022
2632.548
-51.14508
14.47713
2634.234
-51.91555
14.86287
2635.919
-52.70332
15.19898
2637.604
-53.50217
15.48694
2639.29
-54.30703
15.7282
2640.975
-54.30703
15.7282
2640.975
-55.1081
15.92415
2642.66
-55.90068
16.07617
2644.345
-56.68039
16.18556
2646.031
-57.44287
16.25361
2647.716
-58.18392
16.28156
2649.401
-58.18392
16.28156
2649.401
-58.90273
16.2706
2651.087
-59.59998
16.22191
2652.772
-60.27632
16.13661
2654.457
-60.93236
16.01582
2656.143
-61.56873
15.86058
2657.828
-61.56873
15.86058
2657.828
-62.186
15.67194
2659.513
-62.78475
15.45089
2661.198
-63.36554
15.19841
2662.884
-63.92891
14.91545
2664.569
-64.47537
14.60291
2666.254
-65.00545
14.26168
2667.94
-65.51962
13.89263
2669.625
-65.51962
13.89263
2669.625
-66.01836
13.49659
2671.31
-66.50214
13.07436
2672.996
-66.97141
12.62674
2674.681
-67.4266
12.15449
2676.366
-67.86813
11.65834
2678.052
-67.86813
11.65834
2678.052
-68.29642
11.21513
2679.737
-68.71187
10.82329
2681.422
-69.11485
10.48127
2683.107
-69.50573
10.18756
2684.793
-69.88489
9.940735
2686.478
-70.25268
9.739374
2688.163
-70.60943
9.582117
2689.849
-70.60943
9.582117
2689.849
-70.95548
9.46764
2691.534
-71.29115
9.39466
2693.219
-71.61675
9.361933
2694.905
-71.93259
9.36825
2696.59
-72.23895
9.41244
2698.275
-72.23895
9.41244
2698.275
-72.53611
9.493368
2699.96
-72.82436
9.609931
2701.646
-73.10397
9.76106
2703.331
-73.37518
9.945717
2705.016
-73.63826
10.1629
2706.702
-73.63826
10.1629
2706.702
-73.89345
10.41162
2708.387
-74.14098
10.69095
2710.072
-74.38108
10.99997
2711.758
-74.61398
11.33777
2713.443
-74.61398
11.33777
2713.443
-74.8399
11.7035
2715.128
-75.05904
12.09633
2716.813
-75.2716
12.51543
2718.499
-75.47778
12.96002
2720.184
-75.67778
13.42934
2721.869
-75.87178
13.84651
2723.555
-75.87178
13.84651
2723.555
-76.05996
14.21311
2725.24
-76.24249
14.53064
2726.925
-76.41955
14.80059
2728.611
-76.59129
15.02437
2730.296
-76.75789
15.20338
2731.981
-76.91949
15.33896
2733.667
-76.91949
15.33896
2733.667
-77.07623
15.43241
2735.352
-77.22828
15.48499
2737.037
-77.37576
15.49793
2738.722
-77.51882
15.47241
2740.408
-77.51882
15.47241
2740.408
-77.65759
15.40961
2742.093
-77.7922
15.31062
2743.778
-77.92277
15.17654
2745.464
-78.04942
15.00842
2747.149
-78.17226
14.80728
2748.834
-78.17226
14.80728
2748.834
-78.29143
14.57411
2750.52
-78.40702
14.30987
2752.205
-78.51914
14.0155
2753.89
-78.6279
13.6919
2755.575
-78.7334
13.33994
2757.261
-78.7334
13.33994
2757.261
-78.83573
12.96047
2758.946
-78.93499
12.55433
2760.631
-79.03127
12.12231
2762.317
-79.12466
11.66519
2764.002
-79.21526
11.18372
2765.687
-79.21526
11.18372
2765.687
-79.30313
10.67863
2767.373
-79.38837
10.15063
2769.058
-79.47105
9.600409
2770.743
-79.55125
9.028629
2772.428
-79.62904
8.435941
2774.114
-79.62904
8.435941
2774.114
-79.70451
7.82297
2775.799
-79.7777
7.190326
2777.484
-79.83573
7.566065
2778.862
-79.89455
7.641213
2780.406
-79.95175
7.656249
2782.043
-79.95175
7.656249
2782.043
-80.00699
7.659256
2783.716
-80.06025
7.659854
2785.39
-80.1116
7.659974
2787.063
-80.16109
7.659995
2788.737
-80.20879
7.659999
2790.411
-80.20879
7.659999
2790.411
-80.25478
7.66
2792.085
-80.29911
7.66
2793.759
-80.34184
7.660002
2795.433
-80.38303
7.66
2797.106
-80.42274
7.66
2798.78
-80.42274
7.66
2798.78
-80.46101
7.66
2800.454
-80.49789
7.659999
2802.128
-80.53345
7.659999
2803.802
-80.56773
7.66
2805.476
-80.60078
7.659997
2807.149
-80.60078
7.659997
2807.149
-80.63262
7.659996
2808.823
-80.66332
7.659996
2810.497
-80.69292
7.659993
2812.171
-80.72144
7.659992
2813.845
-80.74894
7.659998
2815.519
-80.74894
7.659998
2815.519
-80.77544
7.66
2817.192
-80.80099
7.659993
2818.866
-80.82561
7.659992
2820.54
-80.84935
7.659992
2822.214
-80.87223
7.659992
2823.888
-80.89429
7.659992
2825.562
-80.89429
7.659992
2825.562
-80.91555
7.659992
2827.235
-80.93604
7.659985
2828.909
-80.9558
7.65999
2830.583
-80.97484
7.659985
2832.257
-80.97484
7.659985
2832.257
-80.99319
7.659984
2833.931
-81.01089
7.65997
2835.604
-81.02794
7.659981
2837.278
-81.04438
7.659983
2838.952
-81.06023
7.659984
2840.626
-81.06023
7.659984
2840.626
-81.0755
7.659984
2842.3
-81.09023
7.659997
2843.974
-81.10442
7.659999
2845.647
-81.1181
7.659993
2847.321
-81.13128
7.659992
2848.995
-81.13128
7.659992
2848.995
-81.14399
7.659992
2850.669
-81.15624
7.659992
2852.343
-81.16805
7.659998
2854.017
-81.17944
7.659993
2855.69
-81.19041
7.659998
2857.364
-81.19041
7.659998
2857.364
-81.20098
7.659993
2859.038
-81.21117
7.659998
2860.712
-81.221
7.66
2862.386
-81.23048
7.659997
2864.06
-81.23961
7.659999
2865.733
-81.23961
7.659999
2865.733
-81.24841
7.659997
2867.407
-81.2569
7.659996
2869.081
-81.26508
7.659996
2870.755
-81.27296
7.659997
2872.429
-81.27296
7.659997
2872.429
-81.28056
7.659998
2874.103
-81.28788
7.659999
2875.776
-81.29494
7.659999
2877.45
-81.30175
7.66
2879.124
-81.30831
7.660001
2880.798
-81.30831
7.660001
2880.798
-81.31464
7.660002
2882.472
-81.32073
7.660002
2884.146
-81.32661
7.660002
2885.819
-81.33227
7.660004
2887.493
-81.33773
7.660001
2889.167
-81.33773
7.660001
2889.167
-81.34299
7.660003
2890.841
-81.34807
7.660001
2892.515
-81.35296
7.660007
2894.188
-81.35767
7.660008
2895.862
-81.36222
7.660008
2897.536
-81.36222
7.660008
2897.536
-81.3666
7.660008
2899.21
-81.37082
7.660008
2900.884
-81.37489
7.660008
2902.558
-81.37881
7.660002
2904.231
-81.38259
7.660007
2905.905
-81.38259
7.660007
2905.905
-81.38624
7.660008
2907.579
-81.38975
7.660015
2909.253
-81.39314
7.660009
2910.927
-81.3964
7.660015
2912.601
-81.39954
7.660003
2914.274
-81.39954
7.660003
2914.274
-81.40258
7.660001
2915.948
-81.4055
7.66
2917.622
-81.40832
7.66
2919.296
-81.41103
7.66
2920.97
-81.41103
7.66
2920.97
-81.41365
7.66
2922.644
-81.41618
7.66
2924.317
-81.41861
7.66
2925.991
-81.42095
7.66
2927.665
-81.42321
7.66
2929.339
-81.42321
7.66
2929.339
-81.42539
7.66
2931.013
-81.42749
7.66
2932.687
-81.42951
7.66
2934.36
-81.43147
7.66
2936.034
-81.43335
7.66
2937.708
-81.43335
7.66
2937.708
-81.43517
7.66
2939.382
-81.43691
7.66
2941.056
-81.4386
7.66
2942.729
-81.44022
7.66
2944.403
-81.44179
7.66
2946.077
-81.44179
7.66
2946.077
-81.4433
7.66
2947.751
-81.44476
7.66
2949.425
-81.44616
7.66
2951.099
-81.44751
7.66
2952.772
-81.44443
7.66
2954.446
-81.44443
7.66
2954.446
-81.42773
7.66
2956.12
-81.39314
7.66
2957.794
-81.33685
7.66
2959.468
-81.25504
7.66
2961.142
-81.14397
7.66
2962.815
-81.14397
7.66
2962.815
-80.99545
7.66
2964.489
-80.80617
7.66
2966.163
-80.58227
7.66
2967.837
-80.32963
7.66
2969.511
-80.32963
7.66
2969.511
-80.0586
7.66
2971.185
-79.77443
7.66
2972.859
-79.48222
7.66
2974.533
-79.18703
7.66
2976.208
-78.89347
7.66
2977.882
-78.89347
7.66
2977.882
-78.6105
7.66
2979.555
-78.33773
7.66
2981.229
-78.07478
7.66
2982.903
-77.82131
7.66
2984.577
-77.57697
7.66
2986.251
-77.57697
7.66
2986.251
-77.34142
7.66
2987.925
-77.11436
7.66
2989.598
-76.89549
7.66
2991.272
-76.68451
7.66
2992.946
-76.48112
7.66
2994.62
-76.48112
7.66
2994.62
-76.28507
7.659987
2996.294
-76.09608
7.659984
2997.968
-75.91391
7.659997
2999.641
-75.7383
7.659986
3001.315
-75.56902
7.659971
3002.989
-75.56902
7.659971
3002.989
-75.40585
7.659987
3004.663
-75.24855
7.659984
3006.337
-75.09693
7.659997
3008.01
-74.95078
7.659993
3009.684
-74.80989
7.659992
3011.358
-74.67409
7.659992
3013.032
-74.67409
7.659992
3013.032
-74.54318
7.659998
3014.706
-74.41699
7.659993
3016.38
-74.29536
7.659992
3018.053
-74.17811
7.659995
3019.727
-74.06509
7.659999
3021.401
-73.95614
7.659993
3023.075
-73.85112
7.659996
3024.749
-73.74989
7.659996
3026.423
-73.65231
7.659997
3028.096
-73.65231
7.659997
3028.096
-73.55825
7.659998
3029.77
-73.46758
7.659999
3031.444
-73.38019
7.659999
3033.118
-73.29594
7.66
3034.792
-73.21474
7.66
3036.466
-73.13646
7.66
3038.139
-73.13646
7.66
3038.139
-73.061
7.660002
3039.813
-72.98827
7.66
3041.487
-72.91817
7.660002
3043.161
-72.85059
7.660004
3044.835
-72.78545
7.660004
3046.509
-72.72266
7.660004
3048.182
-72.66213
7.660004
3049.856
-72.66213
7.660004
3049.856
-72.60379
7.660001
3051.53
-72.54755
7.660007
3053.204
-72.49334
7.660001
3054.878
-72.43548
7.660007
3056.552
-72.36849
7.660008
3058.225
-72.28809
7.660008
3059.899
-72.18919
7.660008
3061.573
-72.06786
7.660008
3063.247
-72.06786
7.660008
3063.247
-71.91519
7.660008
3064.921
-71.7271
7.660008
3066.594
-71.49985
7.660015
3068.269
-71.22931
7.660016
3069.943
-70.91239
7.660017
3071.617
-70.5461
7.660017
3073.291
-70.12659
7.660017
3074.965
-69.65096
7.660017
3076.64
-69.11623
7.660003
3078.314
-68.51884
7.660014
3079.989
-67.86661
7.660016
3081.664
-67.86661
7.660016
3081.664
-67.1717
7.660009
3083.339
-66.4411
7.660008
3085.013
-65.68085
7.660001
3086.688
-64.89758
7.659999
3088.364
-64.09693
7.659998
3090.039
-63.28468
7.66
3091.714
-62.46669
7.660013
3093.389
-61.64782
7.660008
3095.064
-60.83336
7.660007
3096.739
-60.02861
7.660003
3098.414
-60.02861
7.660003
3098.414
-59.24254
7.660004
3100.088
-58.47917
7.659999
3101.763
-57.74274
7.66
3103.438
-57.03259
7.660002
3105.112
-56.34779
7.659999
3106.787
-55.68745
7.66
3108.461
-55.68745
7.66
3108.461
-55.05072
7.659999
3110.136
-54.43676
7.659999
3111.81
-53.84476
7.659998
3113.485
-53.27397
7.659997
3115.159
-52.72362
7.659996
3116.833
-52.19299
7.659997
3118.508
-52.19299
7.659997
3118.508
-51.68139
7.659997
3120.182
-51.18814
7.659996
3121.856
-50.7126
7.659992
3123.53
-50.25412
7.659992
3125.204
-49.8121
7.659992
3126.878
-49.38597
7.659997
3128.552
-48.97514
7.659991
3130.227
-48.97514
7.659991
3130.227
-48.57908
7.659997
3131.901
-48.19725
7.659985
3133.575
-47.82916
7.659987
3135.249
-47.4743
7.659983
3136.923
-47.13221
7.659983
3138.597
-46.80243
7.659995
3140.271
-46.48451
7.659992
3141.945
-46.17804
7.659991
3143.619
-45.8826
7.659984
3145.293
-45.8826
7.659984
3145.293
-45.5978
7.659982
3146.967
-45.32154
7.698031
3148.652
-45.05357
7.773002
3150.337
-44.79363
7.883786
3152.023
-44.5415
8.029309
3153.708
-44.29692
8.208529
3155.393
-44.05969
8.420436
3157.079
-43.82957
8.664048
3158.764
-43.60636
8.938415
3160.449
-43.38984
9.242613
3162.135
-43.17982
9.575748
3163.82
-43.17982
9.575748
3163.82
-42.9761
9.936953
3165.505
-42.77849
10.32538
3167.19
-42.58681
10.74022
3168.876
-42.40088
11.18068
3170.561
-42.22052
11.64599
3172.246
-42.04558
12.1354
3173.932
-42.04558
12.1354
3173.932
-41.87589
12.64819
3175.617
-41.71128
13.18366
3177.302
-41.55162
13.74113
3178.988
-41.39674
14.31994
3180.673
-41.24651
14.91945
3182.358
-41.10079
15.53903
3184.043
-41.10079
15.53903
3184.043
-40.95944
16.17809
3185.729
-40.82233
16.83604
3187.414
-40.68933
17.51232
3189.099
-40.56033
18.20637
3190.785
-40.43519
18.91766
3192.47
-40.31381
19.64567
3194.155
-40.19607
20.38991
3195.841
-40.08186
21.14988
3197.526
-39.97108
21.92512
3199.211
-39.86362
22.71516
3200.896
-39.75938
23.51956
3202.582
-39.65827
24.3379
3204.267
-39.5602
25.16975
3205.952
-39.46507
26.0147
3207.638
-39.46507
26.0147
3207.638
-39.37279
26.87237
3209.323
-39.28328
27.74237
3211.008
-39.19645
28.62434
3212.694
-39.11223
29.51791
3214.379
-39.03053
30.42273
3216.064
-38.95129
31.33848
3217.75
-38.87442
32.26481
3219.435
-38.79987
33.20142
3221.12
-38.72754
34.14799
3222.805
-38.65739
35.10423
3224.491
-38.58934
36.06984
3226.176
-38.52333
36.96842
3227.861
-38.45931
37.80198
3229.547
-38.45931
37.80198
3229.547
-38.3972
38.57247
3231.232
-38.33696
39.28178
3232.917
-38.27852
39.93176
3234.603
-38.22184
40.52417
3236.288
-38.16686
41.06074
3237.973
-38.11353
41.54316
3239.658
-38.11353
41.54316
3239.658
-38.06179
41.97303
3241.344
-38.01161
42.35196
3243.029
-37.96294
42.68145
3244.714
-37.91572
42.96299
3246.4
-37.86992
43.19802
3248.085
-37.86992
43.19802
3248.085
-37.8255
43.38794
3249.77
-37.78241
43.5341
3251.456
-37.74061
43.63781
3253.141
-37.70006
43.70035
3254.826
-37.66073
43.72295
3256.511
-37.62258
43.70681
3258.197
-37.58558
43.65308
3259.882
-37.58558
43.65308
3259.882
-37.54969
43.56291
3261.567
-37.51487
43.43738
3263.253
-37.4811
43.27755
3264.938
-37.44834
43.08446
3266.623
-37.41656
42.85909
3268.309
-37.38574
42.60242
3269.994
-37.38574
42.60242
3269.994
-37.35584
42.3154
3271.679
-37.32684
41.99891
3273.365
-37.2987
41.65386
3275.05
-37.27142
41.2811
3276.735
-37.24495
40.88146
3278.42
-37.21927
40.45575
3280.106
-37.19436
40.00475
3281.791
-37.1702
39.52921
3283.476
-37.1702
39.52921
3283.476
-37.14677
39.02987
3285.162
-37.12404
38.50745
3286.847
-37.10199
37.96264
3288.532
-37.0806
37.39611
3290.218
-37.05986
36.80852
3291.903
-37.03974
36.20049
3293.588
-37.02022
35.57264
3295.273
-37.00129
34.92556
3296.959
-37.00129
34.92556
3296.959
-36.98292
34.25983
3298.644
-36.96511
33.57602
3300.329
-36.94783
32.87465
3302.015
-36.93106
32.15626
3303.7
-36.91481
31.42136
3305.385
-36.89904
30.67044
3307.071
-36.89904
30.67044
3307.071
-36.88374
29.90399
3308.756
-36.8689
29.12247
3310.441
-36.85451
28.32633
3312.126
-36.84055
27.51601
3313.812
-36.827
26.69194
3315.497
-36.81387
25.85453
3317.182
-36.81387
25.85453
3317.182
-36.80112
25.00418
3318.868
-36.78876
24.14127
3320.553
-36.77678
23.26619
3322.238
-36.76514
22.3793
3323.924
-36.75386
21.48096
3325.609
-36.74292
20.5715
3327.294
-36.7323
19.65126
3328.979
-36.7323
19.65126
3328.979
-36.72201
18.72056
3330.665
-36.71202
17.77973
3332.35
-36.70233
16.82905
3334.035
-36.69294
15.86884
3335.721
-36.68382
14.89936
3337.406
-36.67498
13.92091
3339.091
-36.67498
13.92091
3339.091
-36.6664
12.93375
3340.777
-36.65808
11.93814
3342.462
-36.65002
10.93434
3344.147
-36.64219
9.922589
3345.833
-36.6346
8.903127
3347.518
-36.62723
7.876185
3349.203
-36.62009
6.84199
3350.888
-36.62009
6.84199
3350.888
-36.61316
5.800756
3352.574
-36.60643
4.752698
3354.259
-36.59991
3.698018
3355.944
-36.59359
2.636916
3357.63
-36.58746
1.569584
3359.315
-36.58381
1.917033
3360.148
-36.57883
1.965598
3361.239
-36.57883
1.965598
3361.239
-36.57384
1.961118
3362.45
-36.56902
1.960224
3363.746
-36.56436
1.960045
3365.124
-36.55987
1.960009
3366.583
-36.55554
1.959999
3368.119
-36.55137
1.959997
3369.731
-36.54734
1.959996
3371.405
-36.54346
1.959999
3373.079
-36.53972
1.96
3374.753
-36.53972
1.96
3374.753
-36.53612
1.96
3376.427
-36.53264
1.96
3378.101
-36.52929
1.960001
3379.774
-36.52606
1.96
3381.448
-36.52295
1.960002
3383.122
-36.51995
1.960004
3384.796
-36.51995
1.960004
3384.796
-36.51706
1.960001
3386.47
-36.51427
1.96
3388.144
-36.51158
1.96
3389.817
-36.50899
1.96
3391.491
-36.50649
1.960003
3393.165
-36.50408
1.960007
3394.839
-36.50408
1.960007
3394.839
-36.50176
1.960002
3396.513
-36.49953
1.960001
3398.187
-36.49737
1.960007
3399.86
-36.49529
1.960008
3401.534
-36.49329
1.960008
3403.208
-36.49136
1.960008
3404.882
-36.49136
1.960008
3404.882
-36.4895
1.960002
3406.556
-36.48771
1.960007
3408.229
-36.48598
1.960008
3409.903
-36.48431
1.968002
3411.575
0
0
0
0
0
0
0
0
0
0
0
0
0
0
0
0
0
0
0
0
0
0
0
0
0
0
0
0
0
0
0
0
0
0
0
0
0
0
0
0
0
0
0
0
0
0
0
0
0
0
0
0
0
0
0
0
0
0
0
0
0
0
0
0
0
0
0
0
0
0
0
0
0
0
0
0
0
0
0
0
0
0
0
0
0
0
0
0
0
0
0
0
0
0
0
0
0
0
0
0
0
0
0
0
0
0
0
0
0
0
0
0
0
0
0
0
0
0
0
0
0
0
0
0
0
0
0
0
0
0
0
0
0
0
0
0
0
0
0
0
0
0
0
0
0
0
0
0
0
0
0
0
0
0
0
0
0
0
0
0
0
0
0
0
0
0
0
0
0
0
0
0
0
0
0
0
0
0
0
0
0
0
0
0
0
0
0
0
0
0
0
0
0
0
0
0
0
0
0
0
0
0
0
0
0
0
0
0
0
0
0
0
0
0
0
0
0
0
0
0
0
0
0
0
0
0
0
0
0
0
0
0
0
0
0
0
0
0
0
0
0
0
0
0
0
0
0
0
0
0
0
0
0
0
0
0
0
0
0
0
0
0
0
0
0
0
0
0
0
0
0
0
0
0
0
0
0
0
0
0
0
0
0
0
0
0
0
0
0
0
0
0
0
0
0
0
0
0
0
0
0
0
0
0
0
0
0
0
0
0
0
0
0
0
0
0
0
0
0
0
0
0
0
0
0
0
0
0
0
0
0
0
0
0
0
0
0
0
0
0
0
0
0
0
0
0
0
0
0
0
0
0
0
0
0
0
0
0
0
0
0
0
0
0
0
0
0
0
0
0
0
0
0
0
0
0
0
0
0
0
0
0
0
0
0
0
0
0
0
0
0
0
0
0
0
0
0
0
0
0
0
0
0
0
0
0
0
0
0
0
0
0
0
0
0
0
0
0
0
0
0
0
0
0
0
0
0
0
0
0
0
0
0
0
0
0
0
0
0
0
0
0
0
0
0
0
0
0
0
0
0
0
0
0
0
0
0
0
0
0
0
0
0
0
0
0
0
0
0
0
0
0
0
0
0
0
0
0
0
0
0
0
0
0
0
0
0
0
0
0
0
0
0
0
0
0
0
0
0
0
0
0
0
0
0
0
0
0
0
0
0
0
0
0
0
0
0
0
0
0
0
0
0
0
0
0
0
0
0
0
0
0
0
0
0
0
0
0
0
0
0
0
0
0
0
0
0
0
0
0
0
0
0
0
0
0
0
0
0
0
0
0
0
0
0
0
0
0
0
0
0
0
0
0
0
0
0
0
0
0
0
0
0
0
0
0
0
0
0
0
0
0
0
0
0
0
0
0
0
0
0
0
0
0
0
0
0
0
0
0
0
0
0
0
0
0
0
0
0
0
0
0
0
0
0
0
0
0
0
0
0
0
0
0
0
0
0
0
0
0
0
0
0
0
0
0
0
0
0
0
0
0
0
0
0
0
0
0
0
0
0
0
0
0
0
0
0
0
0
0
0
0
0
0
0
0
0
0
0
0
0
0
0
0
0
0
0
0
0
0
0
0
0
0
0
0
0
0
0
0
0
0
0
0
0
0
0
0
0
0
0
0
0
0
0
0
0
0
0
0
0
0
0
0
0
0
0
0
0
0
0
0
0
0
0
0
0
0
0
0
0
0
0
0
0
0
0
0
0
0
0
0
0
0
0
0
0
0
0
0
0
0
0
0
0
0
0
0
0
0
0
0
0
0
0
0
0
0
0
0
0
0
0
0
0
0
0
0
0
0
0
0
0
0
0
0
0
0
0
0
0
0
0
0
0
0
0
0
0
0
0
0
0
0
0
0
0
0
0
0
0
0
0
0
0
0
0
0
0
0
0
0
0
0
0
0
0
0
0
0
0
0
0
0
0
0
0
0
0
0
0
0
0
0
0
0
0
0
0
0
0
0
0
0
0
0
0
0
0
0
0
0
0
0
0
0
0
0
0
0
0
0
0
0
0
0
0
0
0
0
0
0
0
0
0
0
0
0
0
0
0
0
0
0
0
0
0
0
0
0
0
0
0
0
0
0
0
0
0
0
0
0
0
0
0
0
0
0
0
0
0
0
0
0
0
0
0
0
0
0
0
0
0
0
0
0
0
0
0
0
0
0
0
0
0
0
0
0
0
0
0
0
0
0
0
0
0
0
0
0
0
0
0
0
0
0
0
0
0
0
0
0
0
0
0
0
0
0
0
0
0
0
0
0
0
0
0
0
0
0
0
0
0
0
0
0
0
0
0
0
0
0
0
0
0
0
0
0
0
0
0
0
0
0
0
0
0
0
0
0
0
0
0
0
0
0
0
0
0
0
0
0
0
0
0
0
0
0
0
0
0
0
0
0
0
0
0
0
0
0
0
0
0
0
0
0
0
0
0
0
0
0
0
0
0
0
0
0
0
0
0
0
0
0
0
0
0
0
0
0
0
0
0
0
0
0
0
0
0
0
0
0
0
0
0
0
0
0
0
0
0
0
0
0
0
0
0
0
0
0
0
0
0
0
0
0
0
0
0
0
0
0
0
0
0
0
0
0
0
0
0
0
0
0
0
0
0
0
0
0
0
0
0
0
0
0
0
0
0
0
0
0
0
0
0
0
0
0
0
0
0
0
0
0
0
0
0
0
0
0
0
0
0
0
0
0
0
0
0
0
0
0
0
0
0
0
0
0
0
0
0
0
0
0
0
0
0
0
0
0
0
0
0
0
0
0
0
0
0
0
0
0
0
0
0
0
0
0
0
0
0
0
0
0
0
0
0
0
0
0
0
0
0
0
0
0
0
0
0
0
0
0
0
0
0
0
0
0
0
0
0
0
0
0
0
0
0
0
0
0
0
0
0
0
0
0
0
0
0
0
0
0
0
0
0
0
0
0
0
0
0
0
0
0
0
0
0
0
0
0
0
0
0
0
0
0
0
0
0
0
0
0
0
0
0
0
0
0
0
0
0
0
0
0
0
0
0
0
0
0
0
0
0
0
0
0
0
0
0
0
0
0
0
0
0
0
0
0
0
0
0
0
0
0
0
0
0
0
0
0
0
0
0
0
0
0
0
0
0
0
0
0
0
0
0
0
0
0
0
0
0
0
0
0
0
0
0
0
0
0
0
0
0
0
0
0
0
0
0
0
0
0
0
0
0
0
0
0
0
0
0
0
0
0
0
0
0
0
0
0
0
0
0
0
0
0
0
0
0
0
0
0
0
0
0
0
0
0
0
0
0
0
0
0
0
0
0
0
0
0
0
0
0
0
0
0
0
0
0
0
0
0
0
0
0
0
0
0
0
0
0
0
0
0
0
0
0
0
0
0
0
0
0
0
0
0
0
0
0
0
0
0
0
0
0
0
0
0
0
0
0
0
0
0
0
0
0
0
0
0
0
0
0
0
0
0
0
0
0
0
0
0
0
0
0
0
0
0
0
0
0
0
0
0
0
0
0
0
0
0
0
0
0
0
0
0
0
0
0
0
0
0
0
0
0
0
0
0
0
0
0
0
0
0
0
0
0
0
0
0
0
0
0
0
0
0
0
0
0
0
0
0
0
0
0
0
0
0
0
0
0
0
0
0
0
0
0
0
0
0
0
0
0
0
0
0
0
0
0
0
0
0
0
0
0
0
0
0
0
0
0
0
0
0
0
0
0
0
0
0
0
0
0
0
0
0
0
0
0
0
0
0
0
0
0
0
0
0
0
0
0
0
0
0
0
0
0
0
0
0
0
0
0
0
0
0
0
0
0
0
0
0
0
0
0
0
0
0
0
0
0
0
0
0
0
0
0
0
0
0
0
0
0
0
0
0
0
0
0
0
0
0
0
0
0
0
0
0
0
0
0
0
0
0
0
0
0
0
0
0
0
0
0
0
0
0
0
0
0
0
0
0
0
0
0
0
0
0
0
0
0
0
0
0
0
0
0
0
0
0
0
0
0
0
0
0
0
0
0
0
0
0
0
0
0
0
0
0
0
0
0
0
0
0
0
0
0
0
0
0
0
0
0
0
0
0
0
0
0
0
0
0
0
0
0
0
0
0
0
0
0
0
0
0
0
0
0
0
0
0
0
0
0
0
0
0
0
0
0
0
0
0
0
0
0
0
0
0
0
0
0
0
0
0
0
0
0
0
0
0
0
0
0
0
0
0
0
0
0
0
0
0
0
0
0
0
0
0
0
0
0
0
0
0
0
0
0
0
0
0
0
0
0
0
0
0
0
0
0
0
0
0
0
0
0
0
0
0
0
0
0
0
0
0
0
0
0
0
0
0
0
0
0
0
0
0
0
0
0
0
0
0
0
0
0
0
0
0
0
0
0
0
0
0
0
0
0
0
0
0
0
0
0
0
0
0
0
0
0
0
0
0
0
0
0
0
0
0
0
0
0
0
0
0
0
0
0
0
0
0
0
0
0
0
0
0
0
0
0
0
0
0
0
0
0
0
0
0
0
0
0
0
0
0
0
0
0
0
0
0
0
0
0
0
0
0
0
0
0
0
0
0
0
0
0
0
0
0
0
0
0
0
0
0
0
0
0
0
0
0
0
0
0
0
0
0
0
0
0
0
0
0
0
0
0
0
0
0
0
0
0
0
0
0
0
0
0
0
0
0
0
0
0
0
0
0
0
0
0
0
0
0
0
0
0
0
0
0
0
0
0
0
0
0
0
0
0
0
0
0
0
0
0
0
0
0
0
0
0
0
0
0
0
0
0
0
0
0
0
0
0
0
0
0
0
0
0
0
0
0
0
0
0
0
0
0
0
0
0
0
0
0
0
0
0
0
0
0
0
0
0
0
0
0
0
0
0
0
0
0
0
0
0
0
0
0
0
0
0
0
0
0
0
0
0
0
0
0
0
0
0
0
0
0
0
0
0
0
0
0
0
0
0
0
0
0
0
0
0
0
0
0
0
0
0
0
0
0
0
0
0
0
0
0
0
0
0
0
0
0
0
0
0
0
0
0
0
0
0
0
0
0
0
0
0
0
0
0
0
0
0
0
0
0
0
0
0
0
0
0
0
0
0
0
0
0
0
0
0
0
0
0
0
0
0
0
0
0
0
0
0
0
0
0
0
0
0
0
0
0
0
0
0
0
0
0
0
0
0
0
0
0
0
0
0
0
0
0
0
0
0
0
0
0
0
0
0
0
0
0
0
0
0
0
0
0
0
0
0
0
0
0
0
0
0
0
0
0
0
0
0
0
0
0
0
0
0
0
0
0
0
0
0
0
0
0
0
0
0
0
0
0
0
0
0
0
0
0
0
0
0
0
0
0
0
0
0
0
0
0
0
0
0
0
0
0
0
0
0
0
0
0
0
0
0
0
0
0
0
0
0
0
0
0
0
0
0
0
0
0
0
0
0
0
0
0
0
0
0
0
0
0
0
0
0
0
0
0
0
0
0
0
0
0
0
0
0
0
0
0
0
0
0
0
0
0
0
0
0
0
0
0
0
0
0
0
0
0
0
0
0
0
0
0
0
0
0
0
0
0
0
0
0
0
0
0
0
0
0
0
0
0
0
0
0
0
0
0
0
0
0
0
0
0
0
0
0
0
0
0
0
0
0
0
0
0
0
0
0
0
0
0
0
0
0
0
0
0
0
0
0
0
0
0
0
0
0
0
0
0
0
0
0
0
0
0
0
0
0
0
0
0
0
0
0
0
0
0
0
0
0
0
0
0
0
0
0
0
0
0
0
0
0
0
0
0
0
0
0
0
0
0
0
0
0
0
0
0
0
0
0
0
0
0
0
0
0
0
0
0
0
0
0
0
0
0
0
0
0
0
0
0
0
0
0
0
0
0
0
0
0
0
0
0
0
0
0
0
0
0
0
0
0
0
0
0
0
0
0
0
0
0
0
0
0
0
0
0
0
0
0
0
0
0
0
0
0
0
0
0
0
0
0
0
0
0
0
0
0
0
0
0
0
0
0
0
0
0
0
0
0
0
0
0
0
0
0
0
0
0
0
0
0
0
0
0
0
0
0
0
0
0
0
0
0
0
0
0
0
0
0
0
0
0
0
0
0
0
0
0
0
0
0
0
0
0
0
0
0
0
0
0
0
0
0
0
0
0
0
0
0
0
0
0
0
0
0
0
0
0
0
0
0
0
0
0
0
0
0
0
0
0
0
0
0
0
0
0
0
0
0
0
0
0
0
0
0
0
0
0
0
0
0
0
0
0
0
0
0
0
0
0
0
0
0
0
0
0
0
0
0
0
0
0
0
0
0
0
0
0
0
0
0
0
0
0
0
0
0
0
0
0
0
0
0
0
0
0
0
0
0
0
0
0
0
0
0
0
0
0
0
0
0
0
0
0
0
0
0
0
0
0
0
0
0
0
0
0
0
0
0
0
0
0
0
0
0
0
0
0
0
0
0
0
0
0
0
0
0
0
0
0
0
0
0
0
0
0
0
0
0
0
0
0
0
0
0
0
0
0
0
0
0
0
0
0
0
0
0
0
0
0
0
0
0
0
0
0
0
0
0
0
0
0
0
0
0
0
0
0
0
0
0
0
0
0
0
0
0
0
0
0
0
0
0
0
0
0
0
0
0
0
0
0
0
0
0
0
0
0
0
0
0
0
0
0
0
0
0
0
0
0
0
0
0
0
0
0
0
0
0
0
0
0
0
0
0
0
0
0
0
0
0
0
0
0
0
0
0
0
0
0
0
0
0
0
0
0
0
0
0
0
0
0
0
0
0
0
0
0
0
0
0
0
0
0
0
0
0
0
0
0
0
0
0
0
0
0
0
0
0
0
0
0
0
0
0
0
0
0
0
0
0
0
0
0
0
0
0
0
0
0
0
0
0
0
0
0
0
0
0
0
0
0
0
0
0
0
0
0
0
0
0
0
0
0
0
0
0
0
0
0
0
0
0
0
0
0
0
0
0
0
0
0
0
0
0
0
0
0
0
0
0
0
0
0
0
0
0
0
0
0
0
0
0
0
0
0
0
0
0
0
0
0
0
0
0
0
0
0
0
0
0
0
0
0
0
0
0
0
0
0
0
0
0
0
0
0
0
0
0
0
0
0
0
0
0
0
0
0
0
0
0
0
0
0
0
0
0
0
0
0
0
0
0
0
0
0
0
0
0
0
0
0
0
0
0
0
0
0
0
0
0
0
0
0
0
0
0
0
0
0
0
0
0
0
0
0
0
0
0
0
0
0
0
0
0
0
0
0
0
0
0
0
0
0
0
0
0
0
0
0
0
0
0
0
0
0
0
0
0
0
0
0
0
0
0
0
0
0
0
0
0
0
0
0
0
0
0
0
0
0
0
0
0
0
0
0
0
0
0
0
0
0
0
0
0
0
0
0
0
0
0
0
0
0
0
0
0
0
0
0
0
0
0
0
0
0
0
0
0
0
0
0
0
0
0
0
0
0
0
0
0
0
0
0
0
0
0
0
0
0
0
0
0
0
0
0
0
0
0
0
0
0
0
0
0
0
0
0
0
0
0
0
0
0
0
0
0
0
0
0
0
0
0
0
0
0
0
0
0
0
0
0
0
0
0
0
0
0
0
0
0
0
0
0
0
0
0
0
0
0
0
0
0
0
0
0
0
0
0
0
0
0
0
0
0
0
0
0
0
0
0
0
0
0
0
0
0
0
0
0
0
0
0
0
0
0
0
0
0
0
0
0
0
0
0
0
0
0
0
0
0
0
0
0
0
0
0
0
0
0
0
0
0
0
0
0
0
0
0
0
0
0
0
0
0
0
0
0
0
0
0
0
0
0
0
0
0
0
0
0
0
0
0
0
0
0
0
0
0
0
0
0
0
0
0
0
0
0
0
0
0
0
0
0
0
0
0
0
0
0
0
0
0
0
0
0
0
0
0
0
0
0
0
0
0
0
0
0
0
0
0
0
0
0
0
0
0
0
0
0
0
0
0
0
0
0
0
0
0
0
0
0
0
0
0
0
0
0
0
0
0
0
0
0
0
0
0
0
0
0
0
0
0
0
0
0
0
0
0
0
0
0
0
0
0
0
0
0
0
0
0
0
0
0
0
0
0
0
0
0
0
0
0
0
0
0
0
0
0
0
0
0
0
0
0
0
0
0
0
0
0
0
0
0
0
0
0
0
0
0
0
0
0
0
0
0
0
0
0
0
0
0
0
0
0
0
0
0
0
0
0
0
0
0
0
0
0
0
0
0
0
0
0
0
0
0
0
0
0
0
0
0
0
0
0
0
0
0
0
0
0
0
0
0
0
0
0
0
0
0
0
0
0
0
0
0
0
0
0
0
0
0
0
0
0
0
0
0
0
0
0
0
0
0
0
0
0
0
0
0
0
0
0
0
0
0
0
0
0
0
0
0
0
0
0
0
0
0
0
0
0
0
0
0
0
0
0
0
0
0
0
0
0
0
0
0
0
0
0
0
0
0
0
0
0
0
0
0
0
0
0
0
0
0
0
0
0
0
0
0
0
0
0
0
0
0
0
0
0
0
0
0
0
0
0
0
0
0
0
0
0
0
0
0
0
0
0
0
0
0
0
0
0
0
0
0
0
0
0
0
0
0
0
0
0
0
0
0
0
0
0
0
0
0
0
0
0
0
0
0
0
0
0
0
0
0
0
0
0
0
0
0
0
0
0
0
0
0
0
0
0
0
0
0
0
0
0
0
0
0
0
0
0
0
0
0
0
0
0
0
0
0
0
0
0
0
0
0
0
0
0
0
0
0
0
0
0
0
0
0
0
0
0
0
0
0
0
0
0
0
0
0
0
0
0
0
0
0
0
0
0
0
0
0
0
0
0
0
0
0
0
0
0
0
0
0
0
0
0
0
0
0
0
0
0
0
0
0
0
0
0
0
0
0
0
0
0
0
0
0
0
0
0
0
0
0
0
0
0
0
0
0
0
0
0
0
0
0
0
0
0
0
0
0
0
0
0
0
0
0
0
0
0
0
0
0
0
0
0
0
0
0
0
0
0
0
0
0
0
0
0
0
0
0
0
0
0
0
0
0
0
0
0
0
0
0
0
0
0
0
0
0
0
0
0
0
0
0
0
0
0
0
0
0
0
0
0
0
0
0
0
0
0
0
0
0
0
0
0
0
0
0
0
0
0
0
0
0
0
0
0
0
0
0
0
0
0
0
0
0
0
0
0
0
0
0
0
0
0
0
0
0
0
0
0
0
0
0
0
0
0
0
0
0
0
0
0
0
0
0
0
0
0
0
0
0
0
0
0
0
0
0
0
0
0
0
0
0
0
0
0
0
0
0
0
0
0
0
0
0
0
0
0
0
0
0
0
0
0
0
0
0
0
0
0
0
0
0
0
0
0
0
0
0
0
0
0
0
0
0
0
0
0
0
0
0
0
0
0
0
0
0
0
0
0
0
0
0
0
0
0
0
0
0
0
0
0
0
0
0
0
0
0
0
0
0
0
0
0
0
0
0
0
0
0
0
0
0
0
0
0
0
0
0
0
0
0
0
0
0
0
0
0
0
0
0
0
0
0
0
0
0
0
0
0
0
0
0
0
0
0
0
0
0
0
0
0
0
0
0
0
0
0
0
0
0
0
0
0
0
0
0
0
0
0
0
0
0
0
0
0
0
0
0
0
0
0
0
0
0
0
0
0
0
0
0
0
0
0
0
0
0
0
0
0
0
0
0
0
0
0
0
0
0
0
0
0
0
0
0
0
0
0
0
0
0
0
0
0
0
0
0
0
0
0
0
0
0
0
0
0
0
0
0
0
0
0
0
0
0
0
0
0
0
0
0
0
0
0
0
0
0
0
0
0
0
0
0
0
0
0
0
0
0
0
0
0
0
0
0
0
0
0
0
0
0
0
0
0
0
0
0
0
0
0
0
0
0
0
0
0
0
0
0
0
0
0
0
0
0
0
0
0
0
0
0
0
0
0
0
0
0
0
0
0
0
0
0
0
0
0
0
0
0
0
0
0
0
0
0
0
0
0
0
0
0
0
0
0
0
0
0
0
0
0
0
0
0
0
0
0
0
0
0
0
0
0
0
0
0
0
0
0
0
0
0
0
0
0
0
0
0
0
0
0
0
0
0
0
0
0
0
0
0
0
0
0
0
0
0
0
0
0
0
0
0
0
0
0
0
0
0
0
0
0
0
0
0
0
0
0
0
0
0
0
0
0
0
0
0
0
0
0
0
0
0
0
0
0
0
0
0
0
0
0
0
0
0
0
0
0
0
0
0
0
0
0
0
0
0
0
0
0
0
0
0
0
0
0
0
0
0
0
0
0
0
0
0
0
0
0
0
0
0
0
0
0
0
0
0
0
0
0
0
0
0
0
0
0
0
0
0
0
0
0
0
0
0
0
0
0
0
0
0
0
0
0
0
0
0
0
0
0
0
0
0
0
0
0
0
0
0
0
0
0
0
0
0
0
0
0
0
0
0
0
0
0
0
0
0
0
0
0
0
0
0
0
0
0
0
0
0
0
0
0
0
0
0
0
0
0
0
0
0
0
0
0
0
0
0
0
0
0
0
0
0
0
0
0
0
0
0
0
0
0
0
0
0
0
0
0
0
0
0
0
0
0
0
0
0
0
0
0
0
0
0
0
0
0
0
0
0
0
0
0
0
0
0
0
0
0
0
0
0
0
0
0
0
0
0
0
0
0
0
0
0
0
0
0
0
0
0
0
0
0
0
0
0
0
0
0
0
0
0
0
0
0
0
0
0
0
0
0
0
0
0
0
0
0
0
0
0
0
0
0
0
0
0
0
0
0
0
0
0
0
0
0
0
0
0
0
0
0
0
0
0
0
0
0
0
0
0
0
0
0
0
0
0
0
0
0
0
0
0
0
0
0
0
0
0
0
0
0
0
0
0
0
0
0
0
0
0
0
0
0
0
0
0
0
0
0
0
0
0
0
0
0
0
0
0
0
0
0
0
0
0
0
0
0
0
0
0
0
0
0
0
0
0
0
0
0
0
0
0
0
0
0
0
0
0
0
0
0
0
0
0
0
0
0
0
0
0
0
0
0
0
0
0
0
0
0
0
0
0
0
0
0
0
0
0
0
0
0
0
0
0
0
0
0
0
0
0
0
0
0
0
0
0
0
0
0
0
0
0
0
0
0
0
0
0
0
0
0
0
0
0
0
0
0
0
0
0
0
0
0
0
0
0
0
0
0
0
0
0
0
0
0
0
0
0
0
0
0
0
0
0
0
0
0
0
0
0
0
0
0
0
0
0
0
0
0
0
0
0
0
0
0
0
0
0
0
0
0
0
0
0
0
0
0
0
0
0
0
0
0
0
0
0
0
0
0
0
0
0
0
0
0
0
0
0
0
0
0
0
0
0
0
0
0
0
0
0
0
0
0
0
0
0
0
0
0
0
0
0
0
0
0
0
0
0
0
0
0
0
0
0
0
0
0
0
0
0
0
0
0
0
0
0
0
0
0
0
0
0
0
0
0
0
0
0
0
0
0
0
0
0
0
0
0
0
0
0
0
0
0
0
0
0
0
0
0
0
0
0
0
0
0
0
0
0
0
0
0
0
0
0
0
0
0
0
0
0
0
0
0
0
0
0
0
0
0
0
0
0
0
0
0
0
0
0
0
0
0
0
0
0
0
0
0
0
0
0
0
0
0
0
0
0
0
0
0
0
0
0
0
0
0
0
0
0
0
0
0
0
0
0
0
0
0
0
0
0
0
0
0
0
0
0
0
0
0
0
0
0
0
0
0
0
0
0
0
0
0
0
0
0
0
0
0
0
0
0
0
0
0
0
0
0
0
0
0
0
0
0
0
0
0
0
0
0
0
0
0
0
0
0
0
0
0
0
0
0
0
0
0
0
0
0
0
0
0
0
0
0
0
0
0
0
0
0
0
0
0
0
0
0
0
0
0
0
0
0
0
0
0
0
0
0
0
0
0
0
0
0
0
0
0
0
0
0
0
0
0
0
0
0
0
0
0
0
0
0
0
0
0
0
0
0
0
0
0
0
0
0
0
0
0
0
0
0
0
0
0
0
0
0
0
0
0
0
0
0
0
0
0
0
0
0
0
0
0
0
0
0
0
0
0
0
0
0
0
0
0
0
0
0
0
0
0
0
0
0
0
0
0
0
0
0
0
0
0
0
0
0
0
0
0
0
0
0
0
0
0
0
0
0
0
0
0
0
0
0
0
0
0
0
0
0
0
0
0
0
0
0
0
0
0
0
0
0
0
0
0
0
0
0
0
0
0
0
0
0
0
0
0
0
0
0
0
0
0
0
0
0
0
0
0
0
0
0
0
0
0
0
0
0
0
0
0
0
0
0
0
0
0
0
0
0
0
0
0
0
0
0
0
0
0
0
0
0
0
0
0
0
0
0
0
0
0
0
0
0
0
0
0
0
0
0
0
0
0
0
0
0
0
0
0
0
0
0
0
0
0
0
0
0
0
0
0
0
0
0
0
0
0
0
0
0
0
0
0
0
0
0
0
0
0
0
0
0
0
0
0
0
0
0
0
0
0
0
0
0
0
0
0
0
0
0
0
0
0
0
0
0
0
0
0
0
0
0
0
0
0
0
0
0
0
0
0
0
0
0
0
0
0
0
0
0
0
0
0
0
0
0
0
0
0
0
0
0
0
0
0
0
0
0
0
0
0
0
0
0
0
0
0
0
0
0
0
0
0
0
0
0
0
0
0
0
0
0
0
0
0
0
0
0
0
0
0
0
0
0
0
0
0
0
0
0
0
0
0
0
0
0
0
0
0
0
0
0
0
0
0
0
0
0
0
0
0
0
0
0
0
0
0
0
0
0
0
0
0
0
0
0
0
0
0
0
0
0
0
0
0
0
0
0
0
0
0
0
0
0
0
0
0
0
0
0
0
0
0
0
0
0
0
0
0
0
0
0
0
0
0
0
0
0
0
0
0
0
0
0
0
0
0
0
0
0
0
0
0
0
0
0
0
0
0
0
0
0
0
0
0
0
0
0
0
0
0
0
0
0
0
0
0
0
0
0
0
0
0
0
0
0
0
0
0
0
0
0
0
0
0
0
0
0
0
0
0
0
0
0
0
0
0
0
0
0
0
0
0
0
0
0
0
0
0
0
0
0
0
0
0
0
0
0
0
0
0
0
0
0
0
0
0
0
0
0
0
0
0
0
0
0
0
0
0
0
0
0
0
0
0
0
0
0
0
0
0
0
0
0
0
0
0
0
0
0
0
0
0
0
0
0
0
0
0
0
0
0
0
0
0
0
0
0
0
0
0
0
0
0
0
0
0
0
0
0
0
0
0
0
0
0
0
0
0
0
0
0
0
0
0
0
0
0
0
0
0
0
0
0
0
0
0
0
0
0
0
0
0
0
0
0
0
0
0
0
0
0
0
0
0
0
0
0
0
0
0
0
0
0
0
0
0
0
0
0
0
0
0
0
0
0
0
0
0
0
0
0
0
0
0
0
0
0
0
0
0
0
0
0
0
0
0
0
0
0
0
0
0
0
0
0
0
0
0
0
0
0
0
0
0
0
0
0
0
0
0
0
0
0
0
0
0
0
0
0
0
0
0
0
0
0
0
0
0
0
0
0
0
0
0
0
0
0
0
0
0
0
0
0
0
0
0
0
0
0
0
0
0
0
0
0
0
0
0
0
0
0
0
0
0
0
0
0
0
0
0
0
0
0
0
0
0
0
0
0
0
0
0
0
0
0
0
0
0
0
0
0
0
0
0
0
0
0
0
0
0
0
0
0
0
0
0
0
0
0
0
0
0
0
0
0
0
0
0
0
0
0
0
0
0
0
0
0
0
0
0
0
0
0
0
0
0
0
0
0
0
0
0
0
0
0
0
0
0
0
0
0
0
0
0
0
0
0
0
0
0
0
0
0
0
0
0
0
0
0
0
0
0
0
0
0
0
0
0
0
0
0
0
0
0
0
0
0
0
0
0
0
0
0
0
0
0
0
0
0
0
0
0
0
0
0
0
0
0
0
0
0
0
0
0
0
0
0
0
0
0
0
0
0
0
0
0
0
0
0
0
0
0
0
0
0
0
0
0
0
0
0
0
0
0
0
0
0
0
0
0
0
0
0
0
0
0
0
0
0
0
0
0
0
0
0
0
0
0
0
0
0
0
0
0
0
0
0
0
0
0
0
0
0
0
0
0
0
0
0
0
0
0
0
0
0
0
0
0
0
0
0
0
0
0
0
0
0
0
0
0
0
0
0
0
0
0
0
0
0
0
0
0
0
0
0
0
0
0
0
0
0
0
0
0
0
0
0
0
0
0
0
0
0
0
0
0
0
0
0
0
0
0
0
0
0
0
0
0
0
0
0
0
0
0
0
0
0
0
0
0
0
0
0
0
0
0
0
0
0
0
0
0
0
0
0
0
0
0
0
0
0
0
0
0
0
0
0
0
0
0
0
0
0
0
0
0
0
0
0
0
0
0
0
0
0
0
0
0
0
0
0
0
0
0
0
0
0
0
0
0
0
0
0
0
0
0
0
0
0
0
0
0
0
0
0
0
0
0
0
0
0
0
0
0
0
0
0
0
0
0
0
0
0
0
0
0
0
0
0
0
0
0
0
0
0
0
0
0
0
0
0
0
0
0
0
0
0
0
0
0
0
0
0
0
0
0
0
0
0
0
0
0
0
0
0
0
0
0
0
0
0
0
0
0
0
0
0
0
0
0
0
0
0
0
0
0
0
0
0
0
0
0
0
0
0
0
0
0
0
0
0
0
0
0
0
0
0
0
0
0
0
0
0
0
0
0
0
0
0
0
0
0
0
0
0
0
0
0
0
0
0
0
0
0
0
0
0
0
0
0
0
0
0
0
0
0
0
0
0
0
0
0
0
0
0
0
0
0
0
0
0
0
0
0
0
0
0
0
0
0
0
0
0
0
0
0
0
0
0
0
0
0
0
0
0
0
0
0
0
0
0
0
0
0
0
0
0
0
0
0
0
0
0
0
0
0
0
0
0
0
0
0
0
0
0
0
0
0
0
0
0
0
0
0
0
0
0
0
0
0
0
0
0
0
0
0
0
0
0
0
0
0
0
0
0
0
0
0
0
0
0
0
0
0
0
0
0
0
0
0
0
0
0
0
0
0
0
0
0
0
0
0
0
0
0
0
0
0
0
0
0
0
0
0
0
0
0
0
0
0
0
0
0
0
0
0
0
0
0
0
0
0
0
0
0
0
0
0
0
0
0
0
0
0
0
0
0
0
0
0
0
0
0
0
0
0
0
0
0
0
0
0
0
0
0
0
0
0
0
0
0
0
0
0
0
0
0
0
0
0
0
0
0
0
0
0
0
0
0
0
0
0
0
0
0
0
0
0
0
0
0
0
0
0
0
0
0
0
0
0
0
0
0
0
0
0
0
0
0
0
0
0
0
0
0
0
0
0
0
0
0
0
0
0
0
0
0
0
0
0
0
0
0
0
0
0
0
0
0
0
0
0
0
0
0
0
0
0
0
0
0
0
0
0
0
0
0
0
0
0
0
0
0
0
0
0
0
0
0
0
0
0
0
0
0
0
0
0
0
0
0
0
0
0
0
0
0
0
0
0
0
0
0
0
0
0
0
0
0
0
0
0
0
0
0
0
0
0
0
0
0
0
0
0
0
0
0
0
0
0
0
0
