0
2
0
0
2
0
0
1.961937
0
-4.198105E-09
1.960387
8.396211E-09
-3.257394E-09
1.960078
6.514788E-09
-2.767004E-09
1.960016
5.534007E-09
-2.573559E-09
1.960003
5.147118E-09
-2.577497E-09
1.960001
5.154995E-09
-2.577497E-09
1.960001
5.154995E-09
-2.719887E-09
1.96
5.439774E-09
-2.966971E-09
1.96
5.933943E-09
-3.300778E-09
1.96
6.601558E-09
-3.713419E-09
1.96
7.42684E-09
-3.713419E-09
1.96
7.42684E-09
-4.203636E-09
1.96
8.407275E-09
-4.774752E-09
1.96
9.549507E-09
-5.433476E-09
1.96
1.086696E-08
-6.189254E-09
1.96
1.237851E-08
-7.05396E-09
1.96
1.410793E-08
-8.041814E-09
1.96
1.608363E-08
-9.169447E-09
1.96
1.83389E-08
-1.045608E-08
1.96
2.091217E-08
-1.61219E-08
1.96
3.22438E-08
-2.104566E-08
1.96
4.209133E-08
-2.104566E-08
1.96
4.209133E-08
-2.104566E-08
1.96
4.209133E-08
-2.104566E-08
1.96
4.209133E-08
-2.104566E-08
1.96
4.209133E-08
-2.104566E-08
1.96
4.209133E-08
-2.104566E-08
1.96
4.209133E-08
-2.104566E-08
1.96
4.209133E-08
-2.104566E-08
1.96
4.209133E-08
-2.104566E-08
1.96
4.209133E-08
-2.104566E-08
1.96
4.209133E-08
-2.104566E-08
1.96
4.209133E-08
-2.104566E-08
1.96
4.209133E-08
-2.104566E-08
1.96
4.209133E-08
-2.104566E-08
1.96
4.209133E-08
-2.104566E-08
1.96
4.209133E-08
-2.104566E-08
1.96
4.209133E-08
-2.104566E-08
1.96
4.209133E-08
-2.104566E-08
1.96
4.209133E-08
-2.104566E-08
1.96
4.209133E-08
-2.104566E-08
1.96
4.209133E-08
-2.104566E-08
1.96
4.209133E-08
-2.104566E-08
1.96
4.209133E-08
-2.104566E-08
1.96
4.209133E-08
-2.104566E-08
1.96
4.209133E-08
-2.104566E-08
1.96
4.209133E-08
-2.104566E-08
1.96
4.209133E-08
-2.104566E-08
1.96
4.209133E-08
-2.104566E-08
1.96
4.209133E-08
-2.104566E-08
1.96
4.209133E-08
-2.104566E-08
1.96
4.209133E-08
-2.104566E-08
1.96
4.209133E-08
-2.104566E-08
1.96
4.209133E-08
-2.104566E-08
1.96
4.209133E-08
-2.104566E-08
1.96
4.209133E-08
-2.104566E-08
1.96
4.209133E-08
-2.104566E-08
1.96
4.209133E-08
-2.104566E-08
1.96
4.209133E-08
-2.104566E-08
1.96
4.209133E-08
-2.104566E-08
1.96
4.209133E-08
-2.104566E-08
1.96
4.209133E-08
-2.104566E-08
1.96
4.209133E-08
-2.104566E-08
1.96
4.209133E-08
-2.104566E-08
1.96
4.209133E-08
-2.104566E-08
1.96
4.209133E-08
-2.104566E-08
1.96
4.209133E-08
-2.104566E-08
1.96
4.209133E-08
-2.104566E-08
1.96
4.209133E-08
-2.104566E-08
1.96
4.209133E-08
-2.104566E-08
1.96
4.209133E-08
-2.104566E-08
1.96
4.209133E-08
-2.104566E-08
1.96
4.209133E-08
-2.104566E-08
1.96
4.209133E-08
-2.104566E-08
1.96
4.209133E-08
-2.104566E-08
1.96
4.209133E-08
-2.104566E-08
1.96
4.209133E-08
-2.104566E-08
1.96
4.209133E-08
-2.104566E-08
1.96
4.209133E-08
-2.104566E-08
1.96
4.209133E-08
-2.104566E-08
1.96
4.209133E-08
-2.104566E-08
1.96
4.209133E-08
-2.104566E-08
1.96
4.209133E-08
-2.104566E-08
1.96
4.209133E-08
-2.104566E-08
1.96
4.209133E-08
-2.104566E-08
1.96
4.209133E-08
-2.104566E-08
1.96
4.209133E-08
-2.104566E-08
1.96
4.209133E-08
-2.104566E-08
1.96
4.209133E-08
-2.104566E-08
1.96
4.209133E-08
-2.104566E-08
1.96
4.209133E-08
-2.104566E-08
1.96
4.209133E-08
-2.104566E-08
1.96
4.209133E-08
-2.104566E-08
1.96
4.209133E-08
-2.104566E-08
1.96
4.209133E-08
-2.104566E-08
1.96
4.209133E-08
-2.104566E-08
1.96
4.209133E-08
-2.104566E-08
1.96
4.209133E-08
-2.104566E-08
1.96
4.209133E-08
-2.104566E-08
1.96
4.209133E-08
-2.104566E-08
1.96
4.209133E-08
-2.104566E-08
1.96
4.209133E-08
-2.104566E-08
1.96
4.209133E-08
-2.104566E-08
1.96
4.209133E-08
-2.104566E-08
1.96
4.209133E-08
-2.104566E-08
1.96
4.209133E-08
-2.104566E-08
1.96
4.209133E-08
-2.104566E-08
1.96
4.209133E-08
-2.104566E-08
1.96
4.209133E-08
-2.104566E-08
1.96
4.209133E-08
-2.104566E-08
1.96
4.209133E-08
-2.104566E-08
1.96
4.209133E-08
-2.104566E-08
1.96
4.209133E-08
-2.104566E-08
1.96
4.209133E-08
-2.104566E-08
1.96
4.209133E-08
-2.104566E-08
1.96
4.209133E-08
-2.104566E-08
1.96
4.209133E-08
-2.104566E-08
1.96
4.209133E-08
-2.104566E-08
1.96
4.209133E-08
-2.104566E-08
1.96
4.209133E-08
-2.104566E-08
1.96
4.209133E-08
-2.104566E-08
1.96
4.209133E-08
-2.104566E-08
1.96
4.209133E-08
-2.104566E-08
1.96
4.209133E-08
-2.104566E-08
1.96
4.209133E-08
-2.104566E-08
1.96
4.209133E-08
-2.104566E-08
1.96
4.209133E-08
-2.104566E-08
1.96
4.209133E-08
-2.104566E-08
1.96
4.209133E-08
-2.104566E-08
1.96
4.209133E-08
-2.104566E-08
1.96
4.209133E-08
-2.104566E-08
1.96
4.209133E-08
-2.104566E-08
1.96
4.209133E-08
-2.104566E-08
1.96
4.209133E-08
-2.104566E-08
1.96
4.209133E-08
-2.104566E-08
1.96
4.209133E-08
-2.104566E-08
1.96
4.209133E-08
-2.104566E-08
1.96
4.209133E-08
-2.104566E-08
1.96
4.209133E-08
-2.104566E-08
1.96
4.209133E-08
-2.104566E-08
1.96
4.209133E-08
-2.104566E-08
1.96
4.209133E-08
-2.104566E-08
1.96
4.209133E-08
-2.104566E-08
1.96
4.209133E-08
-2.104566E-08
1.96
4.209133E-08
-2.104566E-08
1.96
4.209133E-08
-2.479968E-08
1.96
0.001157039
-3.320197E-08
1.96
0.004618788
-3.271562E-08
1.96
0.01133224
-3.003206E-08
1.96
0.02224307
-3.003206E-08
1.96
0.02224307
-5.538915E-08
1.96
0.03956828
-6.800566E-08
1.96
0.06419621
-1.064183E-07
1.96
0.09711783
-1.143242E-07
1.96
0.1392685
-1.143242E-07
1.96
0.1392685
-1.302255E-07
1.96
0.192709
-1.787946E-07
1.96
0.2584122
-2.233596E-07
1.96
0.3369014
-2.756094E-07
1.96
0.4254856
-3.379169E-07
1.96
0.5223051
-3.379169E-07
1.96
0.5223051
-4.192071E-07
1.96
0.627344
-5.118738E-07
1.96
0.7394003
-6.223698E-07
1.96
0.8554015
-7.53124E-07
1.96
0.9729306
-9.07703E-07
1.96
1.090527
-1.092128E-06
1.96
1.207159
-1.092128E-06
1.96
1.207159
-1.320562E-06
1.96
1.320997
-1.592673E-06
1.96
1.431705
-1.927108E-06
1.96
1.538984
-2.298141E-06
1.96
1.642778
-2.80727E-06
1.96
1.745707
-3.397253E-06
1.96
1.849614
-4.12293E-06
1.96
1.955576
-4.978749E-06
1.96
2.064291
-4.978749E-06
1.96
2.064291
-6.004933E-06
1.96
2.177707
-7.258212E-06
1.96
2.295806
-8.918836E-06
1.96
2.430244
-1.096064E-05
1.96
2.573508
-1.36123E-05
1.96
2.736583
-1.36123E-05
1.96
2.736583
-1.70292E-05
1.96
2.920382
-2.14634E-05
1.96
3.12455
-2.715196E-05
1.96
3.348742
-3.446022E-05
1.96
3.592623
-4.386368E-05
1.96
3.855871
-4.386368E-05
1.96
3.855871
-5.597103E-05
1.96
4.138435
-7.154512E-05
1.96
4.440004
-9.159796E-05
1.96
4.760274
-0.0001174489
1.96
5.09895
-0.0001507838
1.96
5.455747
-0.0001507838
1.96
5.455747
-0.0001938004
1.96
5.830653
-0.0002493412
1.96
6.223392
-0.0003210884
1.96
6.633695
-0.0004138375
1.96
7.061301
-0.0005337751
1.96
7.505959
-0.0005337751
1.96
7.505959
-0.0006889551
1.96
7.96769
-0.0008898011
1.96
8.446246
-0.00114987
1.96
8.941392
-0.001486761
1.959999
9.452894
-0.001923294
1.959999
9.98053
-0.002489171
1.959998
10.52408
-0.003222851
1.959996
11.08334
-0.003222851
1.959996
11.08334
-0.004174282
1.959994
11.65836
-0.005408245
1.959989
12.24894
-0.007008627
1.959982
12.85488
-0.00908362
1.959969
13.47599
-0.01177235
1.959948
14.11207
-0.01525193
1.959912
14.76295
-0.01974479
1.959852
15.42845
-0.02552332
1.95975
16.1084
-0.02552332
1.95975
16.1084
-0.03238823
1.95995
16.80278
-0.04063988
1.95999
17.51153
-0.05030122
1.959998
18.23443
-0.06107572
1.96
18.97129
-0.07220665
1.96
19.7219
-0.0819222
1.96
20.48634
-0.0915349
1.96
21.26437
-0.1007893
1.96
22.05588
-0.1096592
1.96
22.86071
-0.1181598
1.96
23.67874
-0.1263073
1.96
24.50983
-0.1341177
1.96
25.35386
-0.1416062
1.96
26.21071
-0.148787
1.96
27.08027
-0.1556739
1.96
27.9624
-0.1556739
1.96
27.9624
-0.1622799
1.96
28.85728
-0.1686174
1.96
29.76478
-0.1746981
1.96
30.6848
-0.1805331
1.96
31.61722
-0.1861333
1.96
32.56194
-0.1915085
1.96
33.51885
-0.1966686
1.96
34.48786
-0.2016227
1.96
35.46886
-0.2016227
1.96
35.46886
-0.2063796
1.96
36.46204
-0.2109476
1.96
37.4673
-0.2153348
1.96
38.48453
-0.2195489
1.96
39.51365
-0.2235969
1.96
40.55456
-0.2274858
1.96
41.60718
-0.2312223
1.96
42.67142
-0.2348127
1.96
43.74721
-0.2382629
1.96
44.83445
-0.2415789
1.96
45.93308
-0.2415789
1.96
45.93308
-0.244766
1.96
47.04329
-0.2478296
1.96
48.16498
-0.2507747
1.96
49.29809
-0.2536062
1.96
50.44254
-0.2563286
1.96
51.59826
-0.2589463
1.96
52.76517
-0.2614636
1.96
53.94321
-0.2638845
1.96
55.1323
-0.2662129
1.96
56.33239
-0.2662129
1.96
56.33239
-0.2684524
1.96
57.54367
-0.2706067
1.96
58.76608
-0.272679
1.96
59.99954
-0.2746727
1.96
61.244
-0.2765909
1.96
62.49939
-0.2784366
1.96
63.76565
-0.2802126
1.96
65.04272
-0.2819216
1.96
66.33054
-0.2835663
1.96
67.62905
-0.2851492
1.96
68.9382
-0.2851492
1.96
68.9382
-0.2866728
1.96
70.25821
-0.2881392
1.96
71.58901
-0.2895509
1.96
72.93055
-0.2909098
1.96
74.28277
-0.292218
1.96
75.64561
-0.2934776
1.96
77.01904
-0.2934776
1.96
77.01904
-0.2946903
1.96
78.40325
-0.295858
1.96
79.7982
-0.2969824
1.96
81.20383
-0.2980651
1.96
82.62008
-0.2991078
1.96
84.04691
-0.2991078
1.96
84.04691
-0.300112
1.96
85.48452
-0.3010792
1.96
86.93286
-0.3020107
1.96
88.39188
-0.302908
1.96
89.86151
-0.3037723
1.96
91.34172
-0.3037723
1.96
91.34172
-0.3046049
1.96
92.83271
-0.305407
1.96
94.33443
-0.3061797
1.96
95.84682
-0.3069242
1.96
97.36983
-0.3069242
1.96
97.36983
-0.3076415
1.96
98.90367
-0.3083327
1.96
100.4483
-0.3089987
1.96
102.0036
-0.3096404
1.96
103.5696
-0.3102589
1.96
105.1462
-0.3102589
1.96
105.1462
-0.3108549
1.96
106.7337
-0.3114292
1.96
108.3319
-0.3119828
1.96
109.9408
-0.3125163
1.96
111.5517
-0.3130305
1.96
113.1629
-0.3130305
1.96
113.1629
-0.3135259
1.96
114.7746
-0.3140034
1.96
116.3866
-0.3144636
1.96
117.9988
-0.314907
1.96
119.6113
-0.3153343
1.96
121.2241
-0.3157462
1.96
122.8372
-0.3161431
1.96
124.4505
-0.3161431
1.96
124.4505
-0.3165256
1.96
126.0644
-0.3168942
1.96
127.6785
-0.3172495
1.96
129.2929
-0.3175919
1.96
130.9075
-0.3179218
1.96
132.5224
-0.3182398
1.96
134.1376
-0.3185463
1.96
135.7531
-0.3188416
1.96
137.3688
-0.3188416
1.96
137.3688
-0.3191262
1.96
138.985
-0.3194004
1.96
140.6016
-0.3196647
1.96
142.2183
-0.3199195
1.96
143.8354
-0.3201649
1.96
145.4527
-0.3204015
1.96
147.0703
-0.3204015
1.96
147.0703
-0.3206295
1.96
148.6884
-0.3208493
1.96
150.3068
-0.3210533
2.145785
151.8432
-0.3212503
2.314363
153.4008
-0.3214401
2.480598
154.9733
-0.3214401
2.480598
154.9733
-0.3216227
2.647508
156.5594
-0.3217985
2.815643
158.1588
-0.3219676
2.985131
159.7712
-0.3221305
3.154746
161.3851
-0.3222872
3.324393
162.9992
-0.3222872
3.324393
162.9992
-0.3224381
3.494102
164.6138
-0.3225833
3.663831
166.2288
-0.3227232
3.833598
167.844
-0.3228578
4.003391
169.4595
-0.3229873
4.173211
171.0752
-0.3229873
4.173211
171.0752
-0.323112
4.343087
172.6915
-0.3232321
4.51299
174.308
-0.3233476
4.682923
175.9248
-0.3234588
4.852876
177.5418
-0.3234588
4.852876
177.5418
-0.3235659
5.022898
179.1594
-0.323669
5.192942
180.7773
-0.3237682
5.363017
182.3954
-0.3238637
5.533117
184.0138
-0.3239556
5.703242
185.6325
-0.3239556
5.703242
185.6325
-0.3240441
5.873425
187.2517
-0.3241293
6.043637
188.8711
-0.3242113
6.213877
190.4908
-0.3242902
6.384143
192.1108
-0.3243662
6.554439
193.7311
-0.3243662
6.554439
193.7311
-0.3244393
6.724789
195.3519
-0.3245097
6.895168
196.9729
-0.3245775
7.065575
198.5942
-0.3246427
7.236009
200.2158
-0.3247055
7.406472
201.8377
-0.3247659
7.576962
203.4598
-0.3247659
7.576962
203.4598
-0.3248241
7.747511
205.0824
-0.3248802
7.918086
206.7053
-0.3249341
8.088685
208.3285
-0.324986
8.259315
209.952
-0.325036
8.429967
211.5757
-0.3250841
8.600655
213.1997
-0.3251304
8.77137
214.8239
-0.325175
8.942118
216.4484
-0.325175
8.942118
216.4484
-0.325218
9.112909
218.0734
-0.3252593
9.283736
219.6987
-0.3252991
9.454592
221.3243
-0.3253377
9.970248
222.9682
-0.3253751
10.43237
224.6124
-0.3254114
10.84257
226.2569
-0.3254114
10.84257
226.2569
-0.3254466
11.2024
227.9019
-0.3254808
11.51337
229.5471
-0.3255139
11.77695
231.1927
-0.3255461
11.99456
232.8384
-0.3255772
12.16758
234.4845
-0.3256075
12.29734
236.1308
-0.3256075
12.29734
236.1308
-0.3256368
12.38515
237.7777
-0.3256653
12.43226
239.4248
-0.3256929
12.4399
241.0722
-0.3257196
12.40924
242.7198
-0.3257456
12.34144
244.3678
-0.3257708
12.23761
246.0159
-0.3257952
12.09884
247.6644
-0.3258189
11.92616
249.3131
-0.3258419
11.7206
250.9621
-0.3258642
11.48315
252.6113
-0.3258858
11.21475
254.2608
-0.3259068
10.91635
255.9106
-0.3259068
10.91635
255.9106
-0.3259257
11.03127
257.4282
-0.3259444
11.05425
259.014
-0.3259624
11.05885
260.6449
-0.3259798
11.05977
262.2843
-0.3259965
11.05995
263.9243
-0.3260127
11.05999
265.5645
-0.3260283
11.06
267.205
-0.3260433
11.06
268.8457
-0.3260577
11.06
270.4868
-0.3260718
11.40994
272.1395
-0.3260854
11.71131
273.7924
-0.3260986
11.96559
275.4457
-0.3260986
11.96559
275.4457
-0.3261114
12.17417
277.0995
-0.3261238
12.33843
278.7535
-0.3261359
12.4597
280.4079
-0.3261476
12.53927
282.0624
-0.3261589
12.57839
283.7173
-0.3261699
12.57827
285.3724
-0.3261805
12.5401
287.0278
-0.3261909
12.465
288.6834
-0.3262009
12.3541
290.3393
-0.3262107
12.20846
291.9955
-0.3262201
12.02913
293.6519
-0.3262293
11.81711
295.3087
-0.3262382
11.57339
296.9656
-0.3262468
11.29892
298.6229
-0.3262551
10.99462
300.2804
-0.3262551
10.99462
300.2804
-0.3262628
11.04693
301.8228
-0.3262702
11.05739
303.4259
-0.3262774
11.05948
305.0724
-0.3262843
11.0599
306.7197
-0.326291
11.05998
308.3674
-0.3262974
11.06
310.0153
-0.3263036
11.06
311.6635
-0.3263097
11.40994
313.3235
-0.3263155
11.71131
314.9836
-0.3263212
11.96559
316.6441
-0.3263212
11.96559
316.6441
-0.3263266
12.17417
318.3051
-0.3263319
12.33843
319.9663
-0.3263371
12.4597
321.6278
-0.3263421
12.53927
323.2896
-0.326347
12.57839
324.9516
-0.3263517
12.57827
326.6139
-0.3263562
12.54009
328.2765
-0.3263607
12.465
329.9393
-0.326365
12.3541
331.6024
-0.3263691
12.20846
333.2658
-0.3263691
12.20846
333.2658
-0.3263732
12.02913
334.9297
-0.3263771
11.81711
336.5939
-0.3263809
11.57339
338.2583
-0.3263846
11.29892
339.923
-0.3263882
10.99462
341.588
-0.3263917
10.66139
343.2532
-0.326395
10.30009
344.9187
-0.326395
10.30009
344.9187
-0.3263983
9.911572
346.5848
-0.3264015
9.496644
348.2511
-0.3264045
9.0561
349.9176
-0.3264075
8.59071
351.5845
-0.3264104
8.101218
353.2516
-0.3264104
8.101218
353.2516
-0.326413
8.044385
354.833
-0.3264157
7.891912
356.4917
-0.3264182
8.072315
358.1599
-0.3264206
8.209243
359.8283
-0.326423
8.304
361.497
-0.326423
8.304
361.497
-0.3264253
8.357851
363.1662
-0.3264275
8.372024
364.8357
-0.3264297
8.347709
366.5055
-0.3264318
8.28606
368.1755
-0.3264339
8.188199
369.8458
-0.3264358
8.05521
371.5164
-0.3264377
7.888148
373.1872
-0.3264396
7.688035
374.8583
-0.3264414
7.455863
376.5297
-0.3264432
7.192594
378.2013
-0.3264432
7.192594
378.2013
-0.3264449
6.899159
379.8735
-0.3264465
6.576465
381.5459
-0.3264481
6.225389
383.2186
-0.3264497
5.846782
384.8916
-0.3264512
5.44147
386.5648
-0.3264512
5.44147
386.5648
-0.3264527
5.010255
388.2386
-0.3264541
4.553914
389.9126
-0.3264555
4.0732
391.5869
-0.3264568
4.014464
393.1772
-0.3264581
3.861094
394.8428
-0.3264581
3.861094
394.8428
-0.3264593
3.690076
396.5111
-0.3306332
3.515501
398.1804
-0.3440558
3.340182
399.8501
-0.370745
3.164701
401.5201
-0.4146099
2.989148
403.1903
-0.4146099
2.989148
403.1903
-0.4838285
2.813539
404.8611
-0.5820203
2.6379
406.5322
-0.7125078
2.462232
408.2036
-0.8786197
2.286519
409.8752
-1.083588
2.110794
411.5472
-1.083588
2.110794
411.5472
-1.335084
1.935003
413.2198
-1.625481
1.955001
414.8312
-1.969086
1.959
416.498
-2.367845
1.9598
418.1662
-2.82434
1.95996
419.835
-2.82434
1.95996
419.835
-3.345668
1.959992
421.5045
-3.934395
1.959999
423.1744
-4.59242
1.96
424.8448
-5.317538
1.96
426.5156
-6.107645
1.96
428.1868
-6.107645
1.96
428.1868
-6.96091
1.96
429.8587
-7.875387
1.96
431.5311
-8.849206
1.96
433.2038
-9.88057
1.96
434.877
-10.93765
1.96
436.5503
-10.93765
1.96
436.5503
-11.99528
1.96
438.2177
-13.05311
1.96
439.8773
-14.11112
1.96
441.5307
-15.16931
1.96
443.1778
-16.22767
1.96
444.8185
-17.28619
1.96
446.4514
-17.28619
1.96
446.4514
-18.34504
1.96
448.0714
-19.40388
1.96
449.6847
-20.46272
1.96
451.2916
-21.52154
1.96
452.8917
-22.58034
1.96
454.4854
-22.58034
1.96
454.4854
-23.63903
1.96
456.0594
-24.6976
1.96
457.6067
-25.75604
1.96
459.1213
-26.81433
1.96
460.5974
-27.87245
1.96
462.0295
-28.93037
1.96
463.4126
-29.98812
1.96
464.7455
-29.98812
1.96
464.7455
-31.0457
1.96
466.0298
-32.10312
1.96
467.2672
-33.16039
1.96
468.4592
-34.21749
1.96
469.6074
-35.27445
1.96
470.7131
-35.27445
1.96
470.7131
-36.33126
1.96
471.7779
-37.38792
1.96
472.8031
-38.44444
1.96
473.7901
-39.50081
1.96
474.7401
-39.50081
1.96
474.7401
-40.55705
1.96
475.6545
-41.61316
1.96
476.5345
-42.66914
1.96
477.3813
-43.72499
1.96
478.1961
-44.78072
1.96
478.9799
-44.78072
1.96
478.9799
-45.83634
1.96
479.734
-46.89185
1.96
480.4593
-47.94725
1.96
481.1569
-49.00255
1.96
481.8278
-50.05775
1.96
482.473
-50.05775
1.96
482.473
-51.11287
1.96
483.0933
-52.16789
1.96
483.6898
-53.22283
1.96
484.2632
-54.27769
1.96
484.8145
-55.33248
1.96
485.3445
-55.33248
1.96
485.3445
-56.39764
1.921937
485.8586
-57.46279
1.846954
486.3572
-58.52795
1.736157
486.8409
-59.5931
1.590621
487.3101
-60.65826
1.411388
487.7652
-61.72341
1.199469
488.2067
-62.78857
0.9558457
488.6349
-62.78857
0.9558457
488.6349
-63.85372
0.6814679
489.0577
-64.91888
0.3772586
489.4832
-65.98403
0.04411274
489.9185
-67.04919
-0.3171015
490.3693
-68.11434
-0.7055422
490.8421
-69.2427
-1.120392
491.3442
-70.42665
-1.56086
491.8827
-71.65883
-2.026176
492.4645
-72.93304
-2.515596
493.0949
-74.23859
-3.028396
493.7858
-75.56978
-3.563875
494.5418
-76.92113
-4.121352
495.3677
-78.28687
-4.700168
496.2687
-79.661
-5.299682
497.2502
-81.03852
-5.919273
498.3164
-82.41453
-6.55834
499.4716
-83.77961
-7.216297
500.7254
-85.12923
-7.892579
502.0748
-86.45883
-8.586635
503.517
-87.76429
-9.297932
505.0491
-89.04097
-10.02595
506.6684
-90.28494
-10.7702
508.3724
-91.49159
-11.53018
510.1585
-92.66205
-12.30542
512.0242
-93.79739
-13.09547
513.9672
-94.89867
-13.89987
515.9851
-95.9669
-14.71821
518.0757
-97.0031
-15.55007
520.2368
-98.0082
-16.39503
522.4662
-98.98315
-17.2527
524.7621
-99.92886
-18.12271
527.1149
-100.8462
-19.00468
529.5151
-101.736
-19.89825
531.9545
-102.5991
-20.80308
534.4187
-103.4364
-21.71883
536.9003
-104.2485
-22.64516
539.3922
-105.0362
-23.58177
541.8876
-105.8003
-24.52835
544.3798
-106.5415
-25.48459
546.8555
-107.2605
-26.4502
549.3087
-107.9579
-27.42491
551.7333
-108.6343
-28.40845
554.1238
-109.2905
-29.40053
556.4677
-109.927
-30.40092
558.7598
-110.5444
-31.40936
560.9952
-111.1433
-32.42561
563.1689
-111.7242
-33.44944
565.2775
-112.2876
-34.48061
567.3227
-112.8342
-35.51891
569.3066
-113.3644
-36.56413
571.231
-113.8786
-37.61605
573.0976
-114.3775
-38.67448
574.9083
-114.8614
-39.73921
576.6646
-115.3307
-40.81007
578.3682
-115.786
-41.88686
580.0208
-116.2276
-42.96942
581.6237
-116.656
-44.05756
583.1786
-117.0715
-45.15112
584.6868
-117.4746
-46.24993
586.1498
-117.8655
-47.35384
587.5688
-118.2448
-48.4627
588.9454
-118.6126
-49.57635
590.2806
-118.9694
-50.69466
591.5757
-119.3156
-51.81749
592.832
-119.6513
-52.94469
594.0507
-119.977
-54.07613
595.2327
-120.2928
-55.2117
596.3793
-120.5993
-56.35126
597.4915
-120.8965
-57.4947
598.5704
-121.1848
-58.6419
599.6168
-121.4644
-59.79274
600.6319
-121.7357
-60.94712
601.6165
-121.9988
-62.10494
602.5716
-122.2541
-63.26608
603.498
-122.5017
-64.43045
604.3967
-122.7418
-65.59795
605.2684
-122.9748
-66.76849
606.1139
-123.2007
-67.94198
606.934
-123.4199
-69.11832
607.7296
-123.6325
-70.29744
608.5012
-123.8387
-71.47925
609.2498
-124.0388
-72.66367
609.9758
-124.2328
-73.85061
610.6801
-124.421
-75.04001
611.3633
-124.6036
-76.23179
612.0259
-124.7807
-77.42588
612.6688
-124.9525
-78.62222
613.2923
-125.1191
-79.82072
613.8971
-125.2807
-81.02133
614.4838
-125.4375
-82.22399
615.0529
-125.5896
-83.42863
615.6049
-125.7371
-84.6352
616.1403
-125.8802
-85.84363
616.6596
-126.019
-87.05386
617.1634
-68.11434
-0.7055422
490.8421
-68.11434
-0.7055422
490.8421
-68.08105
1.058479
490.8269
-67.98299
2.750631
490.7821
-67.82285
4.371042
490.709
-67.60333
5.919843
490.6087
-67.32714
7.397163
490.4825
-66.99696
8.803132
490.3317
-66.61551
10.13788
490.1575
-66.18547
11.40154
489.9611
-65.70956
12.59424
489.7437
-65.19045
13.7161
489.5066
-64.63087
14.76726
489.2509
-64.03349
15.74786
488.9781
-63.40103
16.65801
488.6892
-62.73618
17.49785
488.3855
-62.04165
18.26751
488.0682
-61.32012
18.96711
487.7386
-60.5743
19.5968
487.398
-59.80689
20.15669
487.0474
-59.02059
20.64692
486.6883
-58.21809
21.06761
486.3217
-57.4021
21.41891
485.949
-56.57531
21.70093
485.5713
-55.74043
21.91381
485.1899
-54.90015
22.05767
484.8061
-54.05717
22.13265
484.4211
-53.21419
22.13888
484.036
-52.37391
22.07648
483.6522
-51.53902
21.94559
483.2708
-50.71224
21.74634
482.8932
-49.89625
21.47886
482.5204
-49.09375
21.14326
482.1539
-48.30745
20.7397
481.7947
-47.54005
20.26829
481.4442
-46.79423
19.72917
481.1035
-46.0727
19.12246
480.7739
-45.37817
18.4483
480.4567
-44.71332
17.70682
480.153
-44.08086
16.89813
479.8641
-43.48349
16.02239
479.5912
-42.9239
15.07971
479.3356
-42.40479
14.07022
479.0985
-41.92887
12.99406
478.8811
-41.49884
11.85135
478.6846
-41.11738
10.64223
478.5104
-40.7872
9.366819
478.3596
-40.51101
8.025254
478.2334
-40.29149
6.617664
478.1331
-40.13135
5.144177
478.06
-40.03329
3.604924
478.0152
-40
2.000034
478
-40
2.000034
478
-40
2.000034
478
-40
2.000034
478
-40
2.000034
478
-40
2.000034
478
-40
2.000034
478
-40
2.000034
478
-40
2.000034
478
-40
2.000034
478
-40
2.000034
478
-40
2.000034
478
-40
2.000034
478
-40
2.000034
478
-40
2.000034
478
-40
2.000034
478
-40
2.000034
478
-40
2.000034
478
-40
2.000034
478
-40
2.000034
478
-40
2.000034
478
-40
1.961971
478
-40.00673
1.960394
478.0061
-40.02084
1.960079
478.0194
-40.0431
1.960016
478.0409
-40.07415
1.960003
478.0715
-40.07415
1.960003
478.0715
-40.11555
1.960001
478.1135
-40.1679
1.96
478.1677
-40.2297
1.96
478.2329
-40.29888
1.96
478.307
-40.37402
1.96
478.3888
-40.45369
1.96
478.4772
-40.53807
1.96
478.5736
-40.64097
1.96
478.695
-40.75549
1.96
478.8342
-40.88151
1.96
478.9907
-41.0189
1.96
479.1644
-41.16755
1.96
479.3549
-41.32733
1.96
479.562
-41.49812
1.96
479.7855
-41.67979
1.96
480.0251
-41.87223
1.96
480.2806
-42.07401
1.96
480.5517
-42.28373
1.96
480.8381
-42.28373
1.96
480.8381
-42.4993
1.96
481.1397
-42.7195
1.96
481.4564
-42.94307
1.96
481.7878
-43.16876
1.96
482.1335
-43.39533
1.96
482.4934
-43.62182
1.96
482.8672
-43.84703
1.96
483.2545
-44.07002
1.96
483.6552
-44.28963
1.96
484.0691
-44.50491
1.96
484.4958
-44.71474
1.96
484.9352
-44.91829
1.96
485.387
-44.91829
1.96
485.387
-45.11349
1.96
485.8512
-45.29958
1.96
486.3277
-45.47673
1.96
486.8163
-45.64543
1.96
487.3168
-45.80613
1.96
487.8291
-45.95926
1.96
488.353
-46.1052
1.96
488.8884
-46.1052
1.96
488.8884
-46.24435
1.96
489.4355
-46.37704
1.96
489.9942
-46.50363
1.96
490.5643
-46.62441
1.96
491.1458
-46.73969
1.96
491.7385
-46.84973
1.96
492.3424
-46.95481
1.96
492.9573
-47.05238
2.014099
493.5577
-47.14702
2.028512
494.1812
-47.23883
2.00443
494.8272
-47.23883
2.00443
494.8272
-47.32788
1.943008
495.4956
-47.41079
1.956602
496.153
-47.4905
1.95932
496.8246
-47.56791
1.997383
497.5196
-47.643
2.072367
498.2366
-47.643
2.072367
498.2366
-47.71584
2.183164
498.9756
-47.78648
2.3287
499.736
-47.85501
2.507932
500.5176
-47.92149
2.719851
501.32
-47.98597
2.963475
502.1429
-47.98597
2.963475
502.1429
-48.04852
3.237853
502.986
-48.10918
3.542062
503.8492
-48.16999
3.875208
504.732
-48.23289
4.236422
505.6342
-48.29952
4.624863
506.5554
-48.37149
5.039713
507.4953
-48.45027
5.48018
508.4536
-48.53737
5.945497
509.4301
-48.53737
5.945497
509.4301
-48.63621
6.434916
510.4247
-48.74846
6.947716
511.4372
-48.87551
7.483194
512.4673
-49.01883
8.040671
513.5146
-49.17976
8.619487
514.5791
-49.35973
9.219001
515.6604
-49.35973
9.219001
515.6604
-49.56186
9.838593
516.7585
-49.78744
10.47766
517.8733
-50.03764
11.13562
519.0044
-50.31371
11.8119
520.1517
-50.61678
12.50595
521.3149
-50.94691
13.21725
522.4938
-50.94691
13.21725
522.4938
-51.30369
13.94527
523.6886
-51.68649
14.68951
524.8989
-52.09473
15.44949
526.1246
-52.52783
16.22474
527.3655
-52.98524
17.01478
528.6214
-52.98524
17.01478
528.6214
-53.46661
17.81919
529.8923
-53.97141
18.63753
531.1782
-54.49913
19.46939
532.4787
-55.04927
20.31434
533.7938
-55.04927
20.31434
533.7938
-55.62154
21.17202
535.1235
-56.21547
22.04202
536.4677
-56.83059
22.92399
537.8262
-57.46646
23.81757
539.1989
-58.12266
24.7224
540.5854
-58.12266
24.7224
540.5854
-58.79894
25.63814
541.9861
-59.4949
26.56448
543.3979
-60.21014
27.50109
544.8174
-60.94427
28.44766
546.2418
-61.69691
29.4039
547.6683
-62.4677
30.36952
549.0943
-62.4677
30.36952
549.0943
-63.25237
31.34423
550.5143
-64.04862
32.32776
551.926
-64.85416
33.31985
553.3267
-65.66683
34.32024
554.7141
-66.48444
35.32868
556.0858
-66.48444
35.32868
556.0858
-67.30296
36.2688
557.4365
-68.11993
37.14266
558.7636
-68.9333
37.95224
560.0647
-69.7412
38.69946
561.3378
-70.54176
39.38621
562.5807
-71.33312
40.01429
563.7914
-71.33312
40.01429
563.7914
-72.11122
40.58547
564.9658
-72.8743
41.10145
566.105
-73.6206
41.56389
567.21
-74.34852
41.97439
568.2818
-75.05637
42.33451
569.3215
-75.05637
42.33451
569.3215
-75.74298
42.64577
570.33
-76.409
42.90963
571.3082
-77.05503
43.12751
572.2571
-77.68169
43.30079
573.1776
-78.28954
43.43081
574.0704
-78.87915
43.51886
574.9364
-78.87915
43.51886
574.9364
-79.45108
43.56622
575.7764
-80.00585
43.57408
576.5913
-80.54398
43.54365
577.3847
-81.06596
43.47607
578.1605
-81.57228
43.37245
578.9224
-81.57228
43.37245
578.9224
-82.06342
43.23388
579.6772
-82.53982
43.0614
580.4285
-83.00192
42.85604
581.1793
-83.45016
42.61877
581.9332
-83.88496
42.35056
582.6937
-84.30672
42.05233
583.4642
-84.30672
42.05233
583.4642
-84.71582
41.72499
584.2509
-85.11265
41.3694
585.0568
-85.49757
40.98642
585.8848
-85.87095
40.57687
586.7377
-85.87095
40.57687
586.7377
-86.23312
40.14153
587.6218
-86.58443
39.6812
588.5396
-86.9252
39.19661
589.4937
-87.25574
38.6885
590.4863
-87.57638
38.15756
591.5166
-87.57638
38.15756
591.5166
-87.88739
37.6045
592.5839
-88.18907
37.02996
593.6873
-88.4817
36.43459
594.8262
-88.76556
35.81903
595.9996
-89.04089
35.18386
597.2068
-89.04089
35.18386
597.2068
-89.30797
34.52969
598.4473
-89.56703
33.85709
599.7205
-89.81832
33.1666
601.0255
-90.06207
32.45876
602.3616
-90.29852
31.73409
603.7283
-90.52786
30.9931
605.1249
-90.75033
30.23627
606.5508
-90.96306
29.46409
608.0052
-90.96306
29.46409
608.0052
-91.16055
28.67701
609.488
-91.34076
27.87548
610.9985
-91.50163
27.05993
612.5362
-91.64096
26.23079
614.1005
-91.75659
25.38846
615.6908
-91.84633
24.53333
617.3067
-91.90793
23.6658
618.9323
-91.93903
22.78623
620.558
-91.9436
21.89499
622.1841
-91.9436
21.89499
622.1841
-91.92813
20.99241
623.8107
-91.89586
20.07886
625.4376
-91.84982
19.15464
627.0648
-91.79306
18.22009
628.6921
-91.74531
18.41202
629.9792
-91.69145
18.4504
631.3366
-91.69145
18.4504
631.3366
-91.63831
18.45808
632.7271
-91.58707
18.45962
634.143
-91.5377
18.45992
635.5824
-91.49015
18.45998
637.0445
-91.44434
18.46
638.5289
-91.40019
18.46
640.0351
-91.40019
18.46
640.0351
-91.35766
18.46
641.563
-91.31667
18.46
643.1124
-91.27716
18.46
644.6827
-91.23909
18.46
646.2736
-91.20239
18.46
647.8847
-91.20239
18.46
647.8847
-91.16702
18.46
649.5052
-91.13293
18.46
651.126
-91.10008
18.46
652.7471
-91.06842
18.46
654.3684
-91.03791
18.46
655.99
-91.03791
18.46
655.99
-91.00851
18.46
657.6121
-90.98016
18.46
659.2345
-90.95285
18.46
660.8571
-90.92653
18.46
662.48
-90.90116
18.46
664.1032
-90.90116
18.46
664.1032
-90.87671
18.46
665.7269
-90.85315
18.46
667.3509
-90.83044
18.46
668.9752
-90.80856
18.46
670.5997
-90.78746
18.46
672.2244
-90.78746
18.46
672.2244
-90.76714
18.46
673.8497
-90.74754
18.46
675.4753
-90.72866
18.46
677.1011
-90.71046
18.46
678.7272
-90.69292
18.46
680.3536
-90.69292
18.46
680.3536
-90.67603
18.46
681.9805
-90.65963
18.42194
683.6191
-90.64373
18.34695
685.258
-90.6283
18.23615
686.8971
-90.61334
18.09062
688.5365
-90.61334
18.09062
688.5365
-90.59883
17.91138
690.1765
-90.58475
17.69947
691.8167
-90.5711
17.45584
693.4571
-90.55785
17.18147
695.0978
-90.55785
17.18147
695.0978
-90.54501
16.87726
696.7391
-90.53254
16.54411
698.3806
-90.52045
16.1829
700.0224
-90.50872
15.79446
701.6644
-90.50846
15.78994
701.3249
-90.50846
15.78994
701.3249
-90.50769
15.76022
701.257
-90.50689
15.70292
701.2434
-90.5061
15.61925
701.2407
-90.50537
15.51567
701.2401
-90.50475
15.39823
701.2401
-90.50475
15.39823
701.2401
-90.50421
15.27117
701.24
-90.50376
15.13744
701.24
-90.50339
14.99907
701.24
-90.50308
14.85737
701.2403
-90.50278
14.68204
701.3341
-90.50278
14.68204
701.3341
-90.50249
14.47392
701.5192
-90.50221
14.23397
701.793
-90.50194
13.96316
702.1531
-90.50167
13.66241
702.5974
-90.50141
13.33261
703.1234
-90.50141
13.33261
703.1234
-90.50116
12.97465
703.7292
-90.50092
12.58937
704.4129
-90.50068
12.17758
705.1722
-90.50045
11.74009
706.0052
-90.50023
11.27765
706.91
-90.50023
11.27765
706.91
-90.50002
10.79103
707.8848
-90.49981
10.28094
708.9279
-90.49961
9.748087
710.0375
-90.49941
9.19316
711.2119
-90.49941
9.19316
711.2119
-90.49922
8.616818
712.4496
-90.49904
8.019704
713.749
-90.49886
7.402441
715.1086
-90.49869
6.765632
716.5267
-90.49852
6.109865
718.002
-90.49852
6.109865
718.002
-90.49836
5.435709
719.5332
-90.4982
4.743713
721.1189
-90.49805
4.034415
722.7578
-90.4979
3.308333
724.4107
-90.49776
2.565971
726.064
-90.49776
2.565971
726.064
-90.49762
1.807817
727.7178
-90.49751
1.929564
729.1033
-90.49739
1.953913
730.5662
-90.49728
1.958783
732.082
-90.49717
1.959757
733.645
-90.49717
1.959757
733.645
-90.49706
1.959951
735.2532
-90.49696
1.95999
736.8974
-90.49686
1.959998
738.5419
-90.49677
1.96
740.1866
-90.49668
1.96
741.8317
-90.49668
1.96
741.8317
-90.4966
1.96
743.4772
-90.49651
1.96
745.123
-90.49643
1.96
746.7692
-90.49635
1.96
748.4155
-90.49628
1.96
750.0621
-90.49628
1.96
750.0621
-90.49621
1.96
751.7093
-90.49614
1.96
753.3567
-90.49607
1.96
755.0044
-90.49601
1.96
756.6523
-90.49601
1.96
756.6523
-90.49595
1.96
758.3008
-90.49589
1.96
759.9496
-90.49583
1.96
761.5986
-90.49577
1.96
763.2479
-90.49572
1.96
764.8975
-90.49572
1.96
764.8975
-90.49567
1.96
766.5475
-90.49561
1.96
768.1979
-90.49557
1.96
769.8485
-90.49552
1.96
771.4994
-90.49548
1.96
773.1505
-90.49548
1.96
773.1505
-90.49543
1.96
774.8022
-90.49539
1.96
776.4542
-90.49535
1.96
778.1064
-90.49532
1.96
779.7589
-90.49528
1.96
781.4116
-90.49524
1.96
783.0646
-90.49524
1.96
783.0646
-90.4952
1.96
784.7182
-90.49517
1.96
786.372
-90.49514
1.96
788.0261
-90.49511
1.96
789.6805
-90.49508
1.96
791.3351
-90.49508
1.96
791.3351
-90.49505
1.96
792.9902
-90.49502
1.96
794.6456
-90.49087
1.96
796.3013
-90.47789
1.96
797.9573
-90.45236
1.96
799.6135
-90.41068
1.96
801.27
-90.41068
1.96
801.27
-90.34523
1.96
802.9271
-90.25269
1.96
804.5844
-90.12999
1.96
806.242
-89.97399
1.96
807.8999
-89.97399
1.96
807.8999
-89.7775
1.96
809.5584
-89.53786
1.96
811.2172
-89.25232
1.96
812.8764
-88.9182
1.96
814.5359
-88.53307
1.96
816.1957
-88.53307
1.96
816.1957
-88.09012
1.96
817.8563
-87.587
1.96
819.5172
-87.02134
1.96
821.1785
-86.39163
1.96
822.8345
-85.69993
1.96
824.4846
-85.69993
1.96
824.4846
-84.94804
1.96
826.1234
-84.13782
1.96
827.7564
-83.27109
1.96
829.3837
-82.34959
1.96
831.0051
-81.37498
1.96
832.6209
-81.37498
1.96
832.6209
-80.34874
1.96
834.2251
-79.29757
1.96
835.8233
-78.24604
1.96
837.4129
-77.19435
1.96
838.9881
-76.14256
1.96
840.5425
-75.09068
1.96
842.0708
-75.09068
1.96
842.0708
-74.03859
1.96
843.5615
-72.98648
1.96
845.0098
-71.93436
1.96
846.4109
-70.88225
1.96
847.7612
-69.83011
1.96
849.0624
-68.77794
1.96
850.316
-68.77794
1.96
850.316
-67.72555
1.96
851.5237
-66.67313
1.96
852.6871
-65.62067
1.96
853.8074
-64.56817
1.96
854.8864
-63.51563
1.96
855.9252
-62.46305
1.96
856.9253
-61.41042
1.96
857.888
-61.41042
1.96
857.888
-60.35754
1.96
858.8146
-59.30462
1.96
859.7064
-58.25163
1.96
860.5646
-57.19858
1.96
861.3903
-56.14546
1.96
862.1847
-56.14546
1.96
862.1847
-55.09208
1.96
862.9489
-54.03863
1.96
863.684
-52.98509
1.96
864.3911
-51.93146
1.96
865.071
-50.87774
1.96
865.725
-49.82393
1.96
866.3538
-48.77002
1.96
866.9584
-48.77002
1.96
866.9584
-47.71581
1.96
867.5397
-46.66149
1.96
868.0985
-45.60706
1.96
868.6357
-44.55251
1.96
869.1522
-43.49784
1.96
869.6486
-42.44323
1.96
870.1257
-41.38868
1.96
870.5842
-40.33418
1.96
871.025
-40.33418
1.96
871.025
-39.27974
1.96
871.4485
-38.22535
1.96
871.8555
-37.17101
1.96
872.2466
-36.11671
1.96
872.6224
-35.06245
1.96
872.9836
-34.01173
1.972047
873.3277
-34.01173
1.972047
873.3277
-32.95145
1.96241
873.6602
-31.89942
1.960482
873.9791
-30.84573
1.960096
874.2853
-29.79172
1.960019
874.5795
-28.73767
1.960004
874.8621
-28.73767
1.960004
874.8621
-27.68885
1.960001
875.1407
-26.64568
1.96
875.4234
-25.60754
1.96
875.7167
-24.57366
1.96
876.0263
-23.53368
1.921937
876.3618
-22.49845
1.846954
876.7292
-22.49845
1.846954
876.7292
-21.47269
1.736157
877.1407
-20.45204
1.590621
877.6022
-19.4357
1.411388
878.1182
-18.42418
1.199469
878.6937
-17.4173
0.9558457
879.3336
-17.4173
0.9558457
879.3336
-16.41988
0.6814679
880.0491
-15.42972
0.3772586
880.8447
-15.45394
0.1659699
881.4501
-15.45879
-0.07455607
882.1454
-15.45976
-0.3455577
882.9398
-15.45995
-0.6466205
883.8438
-15.45999
-0.9766859
884.8538
-15.46
-1.334906
885.9669
-15.46
-1.720442
887.1797
-15.46
-2.056349
888.4894
-15.46
-2.344115
889.8931
-15.46
-2.585186
891.3878
-15.46
-2.780962
892.9709
-15.46
-2.932801
894.6398
-15.46
-3.042023
896.3918
-15.46
-3.109905
898.2244
-15.46
-3.137688
900.1353
-15.46
-3.126575
902.1221
-15.46
-3.077732
904.1826
-15.46
-2.992292
906.3144
-15.46
-2.871352
908.5154
-15.46
-2.715978
910.7837
-15.46
-2.527202
913.1171
-15.46
-2.306026
915.5138
-15.46
-2.053423
917.9717
-15.46
-1.770335
920.4892
-15.45347
-1.922067
922.925
-15.44578
-1.952414
925.4446
-15.43803
-1.958483
928.0175
-15.4305
-1.996546
930.6481
-15.42319
-2.071529
933.333
-15.41611
-2.182326
936.0706
-15.40923
-2.327862
938.8593
-15.40257
-2.507095
941.6976
-15.3961
-2.719013
944.5771
-15.38983
-2.962637
947.4835
-15.38374
-3.237015
950.4094
-15.37784
-3.541224
953.3475
-15.37211
-3.87437
956.2911
-15.36656
-4.235584
959.2332
-15.36117
-4.624025
962.1606
-15.35595
-5.038875
965.0673
-15.35088
-5.479342
967.9471
-15.34596
-5.944659
970.7944
-15.34119
-6.434078
973.6035
-15.33657
-6.946878
976.3621
-15.33208
-7.482357
979.0653
-15.32773
-8.039834
981.7081
-15.32351
-8.618649
984.2856
-15.31941
-9.218163
986.793
-15.31544
-9.837755
989.2252
-15.31159
-10.47682
991.5845
-15.30785
-11.13478
993.8729
-15.30422
-11.81106
996.0927
-15.3007
-12.50512
998.2459
-15.29729
-13.21641
1000.335
-15.29398
-13.94443
1002.36
-15.29077
-14.68868
1004.326
-15.28766
-15.44866
1006.232
-15.28464
-16.2239
1008.081
-15.28171
-17.01395
1009.874
-15.27887
-17.81836
1011.614
-15.27611
-18.6367
1013.302
-15.27344
-19.46855
1014.939
-15.27085
-20.31351
1016.527
-15.26833
-21.17118
1018.067
-15.26589
-22.04119
1019.561
-15.26352
-22.92316
1021.01
-15.26123
-23.81673
1022.416
-15.259
-24.72156
1023.779
-15.25684
-25.63731
1025.102
-15.25475
-26.56364
1026.385
-15.25271
-27.50025
1027.629
-15.25074
-28.44683
1028.836
-15.24883
-29.40307
1030.007
-15.24697
-30.36868
1031.143
-15.24518
-31.34339
1032.245
-15.24343
-32.32692
1033.313
-15.24174
-33.31901
1034.35
-15.2401
-34.3194
1035.355
-15.2385
-35.32784
1036.331
-15.23696
-36.34409
1037.277
-15.23546
-37.36792
1038.194
-15.234
-38.39909
1039.085
-15.23259
-39.43739
1039.948
-15.23123
-40.4826
1040.786
-15.2299
-41.53453
1041.598
-15.22861
-42.59295
1042.386
-15.22736
-43.65769
1043.15
-15.22615
-44.72855
1043.892
-15.22498
-45.80534
1044.611
-15.22384
-46.88789
1045.309
-15.22273
-47.97603
1045.985
-15.22166
-49.06959
1046.642
-15.45976
-0.3455577
882.9398
-15.45976
-0.3455577
882.9398
-15.47697
1.418461
882.9813
-15.52769
3.110592
883.1036
-15.61051
4.730949
883.3033
-15.72404
6.279643
883.5771
-15.86688
7.756787
883.9215
-16.03765
9.162495
884.3333
-16.23493
10.49688
884.809
-16.45733
11.76005
885.3452
-16.70347
12.95212
885.9387
-16.97194
14.0732
886.5861
-17.26135
15.12342
887.2839
-17.5703
16.10287
888.0289
-17.8974
17.01167
888.8176
-18.24125
17.84993
889.6467
-18.60045
18.61777
890.5128
-18.97361
19.3153
891.4126
-19.35933
19.94263
892.3427
-19.75623
20.49988
893.2997
-20.16289
20.98715
894.2803
-20.57792
21.40456
895.281
-20.99994
21.75222
896.2986
-21.42754
22.03025
897.3297
-21.85933
22.23875
898.3708
-22.29391
22.37784
899.4186
-22.72988
22.44764
900.4699
-23.16585
22.44825
901.5212
-23.60043
22.37978
902.569
-24.03222
22.24236
903.6102
-24.45982
22.03609
904.6412
-24.88183
21.76108
905.6588
-25.29687
21.41746
906.6595
-25.70353
21.00532
907.6401
-26.10042
20.52478
908.5971
-26.48615
19.97596
909.5272
-26.8593
19.35897
910.427
-27.21851
18.67392
911.2931
-27.56236
17.92093
912.1223
-27.88945
17.10009
912.9109
-28.1984
16.21154
913.6559
-28.48781
15.25538
914.3538
-28.75628
14.23172
915.0011
-29.00242
13.14068
915.5946
-29.22483
11.98237
916.1309
-29.42211
10.75689
916.6066
-29.59287
9.464375
917.0183
-29.73571
8.104923
917.3627
-29.84925
6.678651
917.6365
-29.93207
5.18567
917.8362
-29.98278
3.626094
917.9585
-30
2.000035
918
-30
2.000035
918
-30
2.000035
918
-30
2.000035
918
-30
2.000035
918
-30
2.000035
918
-30
2.000035
918
-30
2.000035
918
-30
2.000035
918
-30
2.000035
918
-30
2.000035
918
-30
2.000035
918
-30
2.000035
918
-30
2.000035
918
-30
2.000035
918
-30
2.000035
918
-30
2.000035
918
-30
2.000035
918
-30
2.000035
918
-30
2.000035
918
-30
2.000035
918
-30
1.961972
918
-29.9886
1.960394
918.0193
-29.9886
1.960394
918.0193
-29.9645
1.960079
918.0579
-29.92714
1.960016
918.1154
-29.87694
1.960003
918.1906
-29.81748
1.960001
918.2783
-29.75137
1.96
918.3748
-29.67908
1.96
918.4793
-29.58922
1.96
918.6085
-29.58922
1.96
918.6085
-29.4875
1.96
918.7541
-29.37411
1.96
918.9158
-29.24922
1.96
919.0934
-29.11297
1.96
919.2868
-28.96552
1.96
919.4957
-28.96552
1.96
919.4957
-28.80683
1.96
919.7202
-28.63706
1.96
919.96
-28.45634
1.96
920.2151
-28.26482
1.96
920.4852
-28.06264
1.96
920.7701
-28.06264
1.96
920.7701
-27.84972
1.96
921.0699
-27.62622
1.96
921.3845
-27.39225
1.96
921.7136
-27.14794
1.96
922.0571
-27.14794
1.96
922.0571
-26.89323
1.96
922.4152
-26.62823
1.96
922.7875
-26.35421
1.96
923.174
-26.07246
1.96
923.5744
-25.78421
1.96
923.9885
-25.78421
1.96
923.9885
-25.49173
1.96
924.4164
-25.19615
1.96
924.8578
-24.89862
1.96
925.3125
-24.60022
1.96
925.7803
-24.30203
1.96
926.261
-24.30203
1.96
926.261
-24.00627
1.96
926.7546
-23.71393
1.96
927.2609
-23.42605
1.96
927.7797
-23.14353
1.96
928.3107
-22.86729
1.96
928.8538
-22.86729
1.96
928.8538
-22.5996
1.96
929.4089
-22.34126
1.96
929.976
-22.09316
1.96
930.5548
-21.85625
1.96
931.1451
-21.62998
1.96
931.7469
-21.62998
1.96
931.7469
-21.41383
1.96
932.3602
-21.20732
1.96
932.9848
-21.01187
1.980544
933.6127
-20.82228
1.962409
934.2631
-20.64197
1.960482
934.9198
-20.64197
1.960482
934.9198
-20.46964
1.960096
935.5873
-20.30486
1.960019
936.2659
-20.14726
1.960004
936.9555
-19.9965
1.960001
937.6561
-19.85225
1.96
938.3676
-19.85225
1.96
938.3676
-19.71421
1.96
939.0902
-19.58209
1.96
939.8238
-19.45562
1.96
940.5683
-19.33453
1.96
941.3237
-19.21857
1.96
942.0898
-19.21857
1.96
942.0898
-19.10752
1.96
942.8669
-19.00115
1.96
943.6549
-18.89924
1.96
944.4538
-18.8016
1.96
945.2634
-18.70803
1.96
946.0838
-18.70803
1.96
946.0838
-18.61835
1.96
946.915
-18.53238
1.96
947.7571
-18.44996
1.96
948.61
-18.37094
1.96
949.4737
-18.37094
1.96
949.4737
-18.29682
1.96
950.3483
-18.22928
1.96
951.2336
-18.16974
1.96
952.1298
-18.11957
1.96
953.0367
-18.08011
1.96
953.9543
-18.05267
1.96
954.8825
-18.05267
1.96
954.8825
-18.04031
1.96
955.8215
-18.04424
1.96
956.7713
-18.06567
1.96
957.7318
-18.1057
1.96
958.703
-18.16542
1.96
959.6848
-18.16542
1.96
959.6848
-18.24792
1.96
960.6776
-18.35066
1.96
961.6812
-18.47089
1.96
962.6956
-18.60623
1.96
963.7208
-18.75437
1.96
964.7567
-18.91313
1.96
965.8033
-18.91313
1.96
965.8033
-19.07858
1.96
966.8608
-19.2487
1.96
967.9292
-19.42152
1.96
969.0083
-19.59475
1.96
970.0981
-19.76637
1.96
971.1985
-19.9346
1.96
972.3096
-20.09771
1.96
973.4311
-20.09771
1.96
973.4311
-20.25451
1.96
974.5633
-20.40526
1.96
975.7062
-20.55021
1.96
976.8596
-20.68958
1.96
978.0236
-20.82361
1.96
979.1981
-20.82361
1.96
979.1981
-20.95249
1.96
980.3773
-21.07642
1.96
981.5585
-21.19557
1.96
982.739
-21.31013
1.96
983.9161
-21.42026
1.96
985.0873
-21.42026
1.96
985.0873
-21.53019
1.96
986.2472
-21.64196
1.96
987.3934
-21.75761
1.96
988.5234
-21.879
1.96
989.6351
-22.00802
1.96
990.726
-22.00802
1.96
990.726
-22.1486
1.96
991.791
-22.30235
1.96
992.828
-22.47084
1.96
993.835
-22.65561
1.96
994.8099
-22.85811
1.96
995.7507
-22.85811
1.96
995.7507
-23.08197
1.96
996.6526
-23.32842
1.96
997.5166
-23.59868
1.96
998.3441
-23.89396
1.96
999.1364
-23.89396
1.96
999.1364
-24.21779
1.96
999.8949
-24.57117
1.96
1000.621
-24.95312
1.96
1001.316
-25.36251
1.96
1001.98
-25.79829
1.96
1002.616
-25.79829
1.96
1002.616
-26.25964
1.96
1003.225
-26.74567
1.96
1003.81
-27.25562
1.96
1004.377
-27.78874
1.96
1004.93
-28.3444
1.96
1005.473
-28.92199
1.96
1006.01
-28.92199
1.96
1006.01
-29.52122
1.96
1006.547
-30.14161
1.96
1007.088
-30.7803
1.96
1007.636
-31.43411
1.96
1008.196
-32.10025
1.96
1008.771
-32.77628
1.96
1009.363
-32.77628
1.96
1009.363
-33.45761
1.96
1009.979
-34.14186
1.96
1010.621
-34.82682
1.96
1011.293
-35.50986
1.96
1011.997
-36.18874
1.96
1012.737
-36.86146
1.96
1013.515
-37.52587
1.96
1014.33
-38.17981
1.96
1015.182
-38.17981
1.96
1015.182
-38.81867
1.96
1016.07
-39.44598
1.998063
1017.002
-40.05914
2.073047
1017.979
-40.65604
2.183844
1018.998
-41.23503
2.32938
1020.058
-41.79666
2.508612
1021.16
-42.34143
2.720531
1022.301
-42.34143
2.720531
1022.301
-42.86987
2.964154
1023.481
-43.38245
3.238532
1024.699
-43.87965
3.542742
1025.954
-44.36194
3.875887
1027.246
-44.82976
4.237102
1028.573
-44.82976
4.237102
1028.573
-45.28355
4.625542
1029.936
-45.72372
5.040392
1031.332
-46.15068
5.48086
1032.762
-46.56484
5.946176
1034.225
-46.96657
6.435596
1035.72
-46.96657
6.435596
1035.72
-47.35625
6.948395
1037.247
-47.73424
7.483874
1038.805
-48.10089
8.041351
1040.393
-48.45654
8.620167
1042.01
-48.80153
9.219681
1043.64
-48.80153
9.219681
1043.64
-49.13616
9.839272
1045.27
-49.4635
10.47834
1046.9
-49.78701
11.1363
1048.531
-50.10994
11.81258
1050.161
-50.43489
12.50663
1051.793
-50.43489
12.50663
1051.793
-50.76752
13.21793
1053.424
-51.11061
13.94595
1055.056
-51.46724
14.69019
1056.688
-51.84016
15.45017
1058.321
-52.23224
16.22541
1059.954
-52.64621
17.01546
1061.587
-53.07804
17.81987
1063.22
-53.52379
18.63821
1064.854
-53.98017
19.47006
1066.487
-54.44396
20.2389
1068.121
-54.91148
20.94661
1069.756
-54.91148
20.94661
1069.756
-55.37681
21.59502
1071.391
-55.83704
22.18591
1073.026
-56.28885
22.72102
1074.661
-56.72938
23.20201
1076.297
-57.15669
23.63051
1077.933
-57.57118
24.00809
1079.569
-57.97324
24.33628
1081.205
-57.97324
24.33628
1081.205
-58.36324
24.61657
1082.842
-58.74153
24.85038
1084.479
-59.10848
25.03911
1086.117
-59.46442
25.18412
1087.755
-59.46442
25.18412
1087.755
-59.80968
25.28672
1089.393
-60.14458
25.34817
1091.032
-60.46944
25.36972
1092.671
-60.78455
25.35256
1094.31
-61.0902
25.29785
1095.949
-61.0902
25.29785
1095.949
-61.38669
25.20672
1097.58
-61.67428
25.08027
1099.207
-61.95325
24.91954
1100.83
-62.22384
24.72557
1102.448
-62.48632
24.49936
1104.063
-62.48632
24.49936
1104.063
-62.74092
24.24187
1105.669
-62.98789
23.95404
1107.27
-63.22744
23.63679
1108.867
-63.45981
23.29099
1110.457
-63.68521
22.9175
1112.036
-63.68521
22.9175
1112.036
-63.90385
22.51715
1113.595
-64.11592
22.09075
1115.13
-64.32163
21.63908
1116.638
-64.52118
21.1629
1118.114
-64.71474
20.66294
1119.556
-64.71474
20.66294
1119.556
-64.90249
20.13992
1120.973
-65.08461
19.59452
1122.371
-65.26126
19.02742
1123.755
-65.43262
18.43927
1125.131
-65.59883
17.83071
1126.503
-65.59883
17.83071
1126.503
-65.76006
17.20234
1127.881
-65.91644
16.55475
1129.27
-66.06815
15.88853
1130.675
-66.21529
15.20424
1132.099
-66.35802
14.50241
1133.547
-66.35802
14.50241
1133.547
-66.49648
13.78357
1135.029
-66.63078
13.04824
1136.547
-66.76105
12.2969
1138.107
-66.88741
11.53004
1139.712
-66.88741
11.53004
1139.712
-67.00998
10.74812
1141.361
-67.12888
9.951602
1143.011
-67.2442
9.140912
1144.661
-67.35607
8.316481
1146.311
-67.46458
7.478719
1147.961
-67.46458
7.478719
1147.961
-67.56984
6.628027
1149.612
-67.67194
5.764793
1151.263
-67.77097
4.889393
1152.914
-67.86703
4.002192
1154.566
-67.96022
3.103545
1156.218
-67.96022
3.103545
1156.218
-68.05061
2.193794
1157.865
-68.13828
1.273273
1159.507
-68.20028
1.822654
1160.7
-68.27757
1.932531
1162.052
-68.35705
1.954506
1163.453
-68.43467
1.958901
1164.875
-68.43467
1.958901
1164.875
-68.50963
1.95978
1166.305
-68.58185
1.959956
1167.736
-68.65139
1.959991
1169.162
-68.71835
1.959998
1170.579
-68.7828
1.96
1171.982
-68.7828
1.96
1171.982
-68.84483
1.96
1173.361
-68.90452
1.96
1174.711
-68.96193
1.96
1176.029
-69.01714
1.96
1177.311
-69.07022
1.96
1178.552
-69.07022
1.96
1178.552
-69.12122
1.96
1179.744
-69.1702
1.96
1180.889
-69.21722
1.96
1181.994
-69.26237
1.96
1183.065
-69.3057
1.96
1184.109
-69.34729
1.96
1185.132
-69.34729
1.96
1185.132
-69.38721
1.96
1186.146
-69.42551
1.96
1187.146
-69.46227
1.96
1188.126
-69.49751
1.96
1189.082
-69.53129
1.96
1190.01
-69.53129
1.96
1190.01
-69.56364
1.96
1190.898
-69.59461
1.96
1191.749
-69.62424
1.96
1192.563
-69.65256
1.96
1193.34
-69.67961
1.96
1194.083
-69.67961
1.96
1194.083
-69.70544
1.96
1194.793
-69.73007
1.96
1195.47
-69.75356
1.96
1196.115
-69.77592
1.96
1196.729
-69.77592
1.96
1196.729
-69.7972
1.96
1197.313
-69.81742
1.96
1197.869
-69.83662
1.96
1198.396
-69.85484
1.96
1198.896
-69.87209
1.96
1199.37
-69.87209
1.96
1199.37
-69.8884
1.96
1199.818
-69.90379
1.96
1200.236
-69.91827
1.96
1200.619
-69.93183
1.96
1200.962
-69.94444
1.96
1201.262
-69.94444
1.96
1201.262
-69.95603
1.96
1201.508
-69.96645
1.96
1201.697
-69.97469
1.96
1201.815
-69.98167
1.96
1201.879
-69.98849
1.96
1201.902
-69.98849
1.96
1201.902
-69.99516
1.96
1201.877
-70.00169
1.96
1201.808
-70.00797
1.96
1201.703
-70.01353
1.96
1201.572
-70.0192
1.96
1201.401
-70.0192
1.96
1201.401
-70.02451
1.96
1201.213
-70.02946
1.96
1201.014
-70.03407
1.96
1200.81
-70.03833
1.96
1200.607
-70.04226
1.96
1200.412
-70.04586
1.96
1200.229
-70.04586
1.96
1200.229
-70.04913
1.96
1200.063
-70.05208
1.96
1199.913
-70.05471
1.96
1199.779
-70.05677
1.96
1199.674
-70.05856
1.96
1199.583
-70.05856
1.96
1199.583
-70.06017
1.96
1199.502
-70.06164
1.96
1199.427
-70.06302
1.96
1199.357
-70.06434
1.96
1199.29
-70.06434
1.96
1199.29
-70.06561
1.96
1199.225
-70.06686
1.96
1199.162
-70.06808
1.96
1199.1
-70.07219
1.96
1199.039
-70.08265
1.96
1198.98
-70.10235
1.96
1198.922
-70.10235
1.96
1198.922
-70.13692
1.96
1198.865
-70.18875
1.96
1198.81
-70.25854
1.96
1198.758
-70.346
1.96
1198.711
-70.45064
1.96
1198.67
-70.57372
1.96
1198.635
-70.57372
1.96
1198.635
-70.74349
1.96
1198.598
-70.95296
1.96
1198.563
-71.2054
1.96
1198.53
-71.50388
1.96
1198.498
-71.85164
1.96
1198.468
-72.24277
1.96
1198.439
-72.67104
1.96
1198.412
-73.13119
1.96
1198.385
-73.13119
1.96
1198.385
-73.61297
1.96
1198.361
-74.11171
1.96
1198.337
-74.6226
1.96
1198.314
-75.14123
1.96
1198.293
-75.66302
1.96
1198.272
-75.66302
1.96
1198.272
-76.17941
1.96
1198.253
-76.68638
1.96
1198.235
-77.17986
1.96
1198.217
-77.65597
1.96
1198.2
-78.1109
1.96
1198.185
-78.1109
1.96
1198.185
-78.54077
1.96
1198.17
-78.94633
1.96
1198.156
-79.32832
1.96
1198.143
-79.68743
1.96
1198.13
-79.68743
1.96
1198.13
-80.02436
1.96
1198.119
-80.33977
1.96
1198.108
-80.6343
1.96
1198.098
-80.90858
1.96
1198.088
-81.16323
1.96
1198.079
-81.39883
1.96
1198.071
-81.39883
1.96
1198.071
-81.61594
1.96
1198.063
-81.81512
1.96
1198.057
-81.99693
1.96
1198.05
-82.16186
1.96
1198.045
-82.31043
1.96
1198.039
-82.31043
1.96
1198.039
-82.43195
1.96
1198.035
-82.53455
1.96
1198.032
-82.62403
1.96
1198.029
-82.70443
1.96
1198.026
-82.77853
1.96
1198.023
-82.77853
1.96
1198.023
-82.84524
1.96
1198.021
-82.90304
1.96
1198.019
-82.94966
1.96
1198.016
-82.98194
1.96
1198.014
-82.99727
1.96
1198.012
-82.99284
1.96
1198.01
-82.99284
1.96
1198.01
-82.96241
1.96
1198.008
-82.90329
1.96
1198.005
-82.81277
1.96
1198.004
-82.69572
1.96
1198.002
-82.53886
1.96
1198
-82.53886
1.96
1198
-82.33411
1.96
1197.998
-82.07839
1.96
1197.997
-81.76859
1.96
1197.995
-81.40164
1.96
1197.994
-80.97454
1.96
1197.993
-80.97454
1.96
1197.993
-80.48032
1.96
1197.997
-79.92078
1.96
1198.014
-79.30206
1.96
1198.048
-78.63049
1.96
1198.105
-77.91201
1.96
1198.191
-77.91201
1.96
1198.191
-77.15674
1.96
1198.317
-76.37004
1.96
1198.488
-75.55714
1.96
1198.707
-74.72308
1.96
1198.981
-73.87287
1.96
1199.3
-73.87287
1.96
1199.3
-73.01605
1.96
1199.65
-72.1574
1.96
1200.024
-71.30149
1.96
1200.415
-70.45284
1.96
1200.815
-69.61601
1.96
1201.218
-69.61601
1.96
1201.218
-68.80002
1.96
1201.611
-68.00888
1.96
1201.987
-67.24657
1.96
1202.347
-66.51692
1.96
1202.691
-65.8195
1.96
1203.021
-65.15332
1.96
1203.335
-65.15332
1.96
1203.335
-64.51746
1.96
1203.635
-63.91099
1.96
1203.922
-63.33305
1.96
1204.195
-62.78276
1.96
1204.454
-62.78276
1.96
1204.454
-62.25932
1.96
1204.702
-61.7619
1.96
1204.937
-61.28973
1.96
1205.159
-60.84206
1.96
1205.371
-60.41813
1.96
1205.571
-60.41813
1.96
1205.571
-60.01725
1.96
1205.76
-59.63873
1.96
1205.939
-59.27156
1.921937
1206.112
-58.9154
1.846953
1206.281
-58.56993
1.736156
1206.444
-58.56993
1.736156
1206.444
-58.23483
1.59062
1206.602
-57.90977
1.411388
1206.755
-57.59447
1.199469
1206.904
-57.28862
0.9558455
1207.049
-56.99195
0.6814677
1207.189
-56.99195
0.6814677
1207.189
-56.70419
0.3772584
1207.325
-56.42505
0.04411253
1207.456
-56.15429
-0.3171017
1207.584
-55.89165
-0.6294168
1207.708
-55.6369
-0.8942995
1207.828
-55.38978
-1.113173
1207.945
-55.15008
-1.287418
1208.058
-54.91757
-1.418372
1208.168
-54.69203
-1.507335
1208.275
-54.47326
-1.555566
1208.378
-54.26105
-1.564288
1208.478
-54.05521
-1.534685
1208.575
-53.85555
-1.467907
1208.669
-53.66187
-1.36507
1208.761
-53.47401
-1.227255
1208.85
-53.29178
-1.055512
1208.936
-53.11502
-0.8508584
1209.019
-52.94356
-0.6142815
1209.1
-52.77724
-0.3467392
1209.179
-52.61591
-0.04916027
1209.255
-52.45943
0.2775541
1209.329
-52.30764
0.6325299
1209.4
-52.1604
1.014919
1209.47
-52.01757
1.423899
1209.537
-51.87904
1.858673
1209.603
-51.74466
2.318467
1209.666
-51.61431
2.802529
1209.728
-51.48787
3.310133
1209.787
-51.36522
3.84057
1209.845
-51.24626
4.393158
1209.901
-51.13086
4.967231
1209.956
-51.01892
5.562144
1210.009
-50.91035
6.101148
1210.06
-50.80503
6.585918
1210.11
-50.70287
7.018083
1210.158
-50.60377
7.39922
1210.205
-50.50765
7.806985
1210.25
-50.41441
8.240581
1210.294
-50.32397
8.699231
1210.337
-50.23624
9.106059
1210.378
-50.15114
9.46262
1210.418
-50.0686
9.770421
1210.464
-49.98853
10.03092
1210.522
-49.91087
10.24555
1210.597
-49.83553
10.41568
1210.697
-49.76245
10.54263
1210.828
-49.69157
10.62772
1211
-49.62281
10.67219
1211.221
-49.55612
10.67727
1211.495
-49.49143
10.64412
1211.826
-49.42868
10.57392
1212.221
-49.36781
10.46775
1212.69
-49.30876
10.32671
1213.237
-49.25149
10.15183
1213.868
-49.19593
9.944139
1214.586
-49.14205
9.704615
1215.395
-49.08978
9.434214
1216.305
-49.03908
9.133862
1217.32
-48.98989
8.804458
1218.439
-48.94219
8.446873
1219.656
-48.89591
8.061953
1220.971
-48.85102
7.650517
1222.379
-48.80748
7.213363
1223.878
-48.76525
6.75126
1225.466
-48.72429
6.264957
1227.139
-48.68455
5.75518
1228.895
-48.646
5.222634
1230.732
-48.60861
4.668002
1232.647
-48.57235
4.091945
1234.637
-48.53717
3.495108
1236.701
-48.50304
2.878113
1238.837
-48.46994
2.241564
1241.041
-48.43784
1.58605
1243.313
-48.40071
1.88521
1245.357
-48.35631
1.945042
1247.531
-48.31118
1.957008
1249.776
-48.26714
1.959402
1252.078
-48.21988
1.95988
1254.432
-48.16363
1.921818
1256.85
-48.09394
1.846834
1259.329
-48.00551
1.736037
1261.866
-47.89397
1.590501
1264.46
-47.75076
1.411268
1267.11
-47.57202
1.19935
1269.813
-47.35403
0.955726
1272.569
-47.09312
0.6813482
1275.375
-46.78609
0.3771389
1278.23
-46.42482
0.04399309
1281.133
-46.00608
-0.3172212
1284.082
-45.52689
-0.7056618
1287.076
-44.98449
-1.120512
1290.113
-44.37605
-1.560979
1293.192
-43.69407
-2.026296
1296.312
-55.89165
-0.6294168
1207.708
-55.89165
-0.6294168
1207.708
-55.86692
1.134604
1207.744
-55.79405
2.826751
1207.85
-55.67505
4.447151
1208.022
-55.51193
5.995929
1208.259
-55.30669
7.473212
1208.556
-55.06134
8.879127
1208.912
-54.77788
10.2138
1209.323
-54.45832
11.47735
1209.786
-54.10467
12.66992
1210.299
-53.71892
13.79162
1210.859
-53.3031
14.84258
1211.462
-52.85919
15.82293
1212.105
-52.38921
16.7328
1212.787
-51.89516
17.5723
1213.503
-51.37906
18.34158
1214.251
-50.8429
19.04074
1215.029
-50.28868
19.66993
1215.832
-49.71842
20.22926
1216.659
-49.13412
20.71886
1217.506
-48.53779
21.13887
1218.371
-47.93143
21.48939
1219.25
-47.31705
21.77057
1220.141
-46.69665
21.98252
1221.041
-46.07224
22.12538
1221.946
-45.44583
22.19926
1222.854
-44.81941
22.2043
1223.762
-44.195
22.14062
1224.668
-43.5746
22.00835
1225.567
-42.96022
21.80761
1226.458
-42.35386
21.53854
1227.337
-41.75753
21.20125
1228.202
-41.17324
20.79587
1229.049
-40.60298
20.32253
1229.876
-40.04876
19.78136
1230.68
-39.5126
19.17248
1231.457
-38.99649
18.49601
1232.205
-38.50245
17.75209
1232.922
-38.03247
16.94084
1233.603
-37.58857
16.06239
1234.247
-37.17274
15.11686
1234.85
-36.78699
14.10437
1235.409
-36.43334
13.02506
1235.922
-36.11378
11.87906
1236.385
-35.83032
10.66648
1236.796
-35.58497
9.387449
1237.152
-35.37973
8.042102
1237.449
-35.21661
6.630561
1237.686
-35.09761
5.152952
1237.859
-35.02474
3.609401
1237.964
-35
2.000034
1238
-35
2.000034
1238
-35
2.000034
1238
-35
2.000034
1238
-35
2.000034
1238
-35
2.000034
1238
-35
2.000034
1238
-35
2.000034
1238
-35
2.000034
1238
-35
2.000034
1238
-35
2.000034
1238
-35
2.000034
1238
-35
2.000034
1238
-35
2.000034
1238
-35
2.000034
1238
-35
2.000034
1238
-35
2.000034
1238
-35
2.000034
1238
-35
2.000034
1238
-35
2.000034
1238
-35
2.000034
1238
-35
1.961972
1238
-34.98619
1.960394
1238.019
-34.95882
1.960079
1238.058
-34.91804
1.960016
1238.115
-34.86493
1.960003
1238.189
-34.86493
1.960003
1238.189
-34.80297
1.960001
1238.276
-34.73475
1.96
1238.371
-34.66068
1.96
1238.475
-34.56895
1.96
1238.604
-34.46568
1.96
1238.748
-34.46568
1.96
1238.748
-34.35083
1.96
1238.909
-34.22456
1.96
1239.086
-34.08702
1.96
1239.278
-33.93835
1.96
1239.486
-33.77871
1.96
1239.71
-33.60822
1.96
1239.948
-33.60822
1.96
1239.948
-33.42684
1.96
1240.202
-33.2347
1.96
1240.471
-33.03194
1.96
1240.755
-32.81867
1.96
1241.054
-32.59504
1.96
1241.367
-32.59504
1.96
1241.367
-32.36095
1.96
1241.695
-32.11655
1.96
1242.037
-31.86195
1.96
1242.393
-31.59727
1.96
1242.764
-31.32261
1.96
1243.148
-31.32261
1.96
1243.148
-31.03789
1.96
1243.547
-30.74323
1.96
1243.959
-30.43874
1.96
1244.386
-30.12452
1.96
1244.826
-30.12452
1.96
1244.826
-29.80048
1.96
1245.279
-29.46672
1.96
1245.746
-29.12335
1.96
1246.227
-28.77047
1.96
1246.721
-28.40816
1.96
1247.228
-28.40816
1.96
1247.228
-28.03634
1.96
1247.749
-27.65509
1.96
1248.283
-27.26451
1.96
1248.829
-26.8647
1.96
1249.389
-26.45572
1.96
1249.962
-26.45572
1.96
1249.962
-26.03749
1.96
1250.547
-25.61008
1.96
1251.146
-25.17359
1.96
1251.757
-24.72809
1.96
1252.38
-24.27366
1.96
1253.016
-24.27366
1.96
1253.016
-23.8102
1.96
1253.665
-23.33778
1.96
1254.327
-22.85648
1.96
1255
-22.36637
1.96
1255.687
-21.86754
1.96
1256.385
-21.86754
1.96
1256.385
-21.35986
1.96
1257.096
-20.84341
1.96
1257.819
-20.31825
1.96
1258.554
-19.78447
1.96
1259.301
-19.24212
1.96
1260.061
-19.24212
1.96
1260.061
-18.69109
1.96
1260.832
-18.13145
1.96
1261.615
-17.56326
1.96
1262.411
-16.98659
1.96
1263.218
-16.98659
1.96
1263.218
-16.40131
1.96
1264.038
-15.80749
1.96
1264.869
-15.20521
1.96
1265.712
-14.59451
1.96
1266.567
-13.97546
1.96
1267.434
-13.97546
1.96
1267.434
-13.34794
1.96
1268.312
-12.71201
1.96
1269.203
-12.06772
1.96
1270.105
-11.41514
1.96
1271.018
-10.75434
1.96
1271.943
-10.08535
1.96
1272.88
-10.08535
1.96
1272.88
-9.455805
2.07042
1273.799
-8.809937
2.139465
1274.739
-8.148046
2.168375
1275.701
-7.470423
2.158356
1276.684
-6.777349
2.110574
1277.688
-6.777349
2.110574
1277.688
-6.068909
2.026163
1278.712
-5.345371
1.906222
1279.756
-4.640685
1.949244
1280.771
-3.921262
1.957849
1281.806
-3.1919
1.95957
1282.854
-3.1919
1.95957
1282.854
-2.453429
1.959914
1283.914
-1.70612
1.959983
1284.985
-0.9500872
1.959997
1286.068
-0.1854143
1.959999
1287.161
0.5878247
1.96
1288.266
0.5878247
1.96
1288.266
1.369749
1.96
1289.382
2.160286
1.96
1290.509
2.959362
1.96
1291.648
3.764937
1.96
1292.797
4.574685
1.96
1293.958
5.386741
1.96
1295.13
5.386741
1.96
1295.13
6.19741
1.96
1296.312
7.005031
1.96
1297.506
7.807925
1.96
1298.71
8.604442
1.96
1299.925
8.604442
1.96
1299.925
9.391079
1.96
1301.151
10.16628
1.96
1302.388
10.92849
1.96
1303.635
11.67636
1.96
1304.893
12.40846
1.96
1306.161
12.40846
1.96
1306.161
13.12134
1.96
1307.439
13.81376
1.96
1308.728
14.48438
1.96
1310.027
15.13203
1.96
1311.336
15.75574
1.96
1312.654
15.75574
1.96
1312.654
16.3564
1.96
1313.983
16.93487
1.96
1315.322
17.49197
1.96
1316.671
18.0285
1.96
1318.03
18.54309
1.96
1319.398
19.03397
1.96
1320.776
19.03397
1.96
1320.776
19.49767
1.96
1322.164
19.933
1.96
1323.561
20.33867
1.96
1324.968
20.71362
1.96
1326.384
21.05676
1.96
1327.81
21.36698
1.96
1329.245
21.36698
1.96
1329.245
21.64041
1.96
1330.69
21.88057
1.96
1332.145
22.09129
1.96
1333.608
22.27583
1.96
1335.082
22.43739
1.96
1336.564
22.57896
1.96
1338.056
22.57896
1.96
1338.056
22.70575
1.96
1339.558
22.82088
1.96
1341.069
22.92709
1.96
1342.59
23.02696
1.96
1344.121
23.12306
1.96
1345.661
23.12306
1.96
1345.661
23.21567
1.96
1347.211
23.3049
1.96
1348.77
23.39089
1.96
1350.34
23.47375
1.96
1351.919
23.5536
1.96
1353.508
23.5536
1.96
1353.508
23.63056
1.96
1355.106
23.70474
1.96
1356.715
23.77622
1.96
1358.325
23.84511
1.96
1359.935
23.91149
1.96
1361.546
23.91149
1.96
1361.546
23.97547
1.96
1363.157
24.03753
1.921937
1364.78
24.09448
2.13202
1366.29
24.14997
2.282548
1367.832
24.2035
2.421707
1369.387
24.2035
2.421707
1369.387
24.25505
2.559189
1370.951
24.30467
2.696918
1372.524
24.35244
2.835296
1374.106
24.39582
2.974403
1375.696
24.43235
3.114248
1377.294
24.43235
3.114248
1377.294
24.45711
3.254864
1378.901
24.46789
3.395659
1380.51
24.46207
3.536479
1382.12
24.43753
3.677304
1383.73
24.39238
3.818162
1385.34
24.32464
3.959042
1386.95
24.32464
3.959042
1386.95
24.2402
4.099976
1388.561
24.14235
4.240931
1390.172
24.03408
4.381906
1391.783
23.91838
4.522913
1393.395
23.91838
4.522913
1393.395
23.80079
4.663958
1395.007
23.68403
4.805035
1396.62
23.57082
4.946133
1398.232
23.46183
5.087246
1399.845
23.3569
5.228386
1401.459
23.3569
5.228386
1401.459
23.25588
5.369581
1403.073
23.15788
5.856462
1404.703
23.06283
6.290673
1406.334
22.97062
6.673795
1407.966
22.88119
7.00736
1409.598
22.79444
7.292856
1411.229
22.79444
7.292856
1411.229
22.71029
7.531724
1412.862
22.62866
7.725364
1414.495
22.54948
7.875131
1416.128
22.47268
7.982343
1417.761
22.39818
8.048275
1419.395
22.39818
8.048275
1419.395
22.32592
8.074166
1421.029
22.25582
8.061218
1422.663
22.18783
8.010596
1424.297
22.12188
7.92343
1425.932
22.0579
7.800816
1427.568
22.0579
7.800816
1427.568
21.99585
7.643817
1429.203
21.93901
7.78494
1430.707
21.88421
7.920572
1432.236
21.83146
8.056577
1433.786
21.78068
8.194094
1435.357
21.78068
8.194094
1435.357
21.73181
8.333361
1436.949
21.68476
8.474389
1438.561
21.63946
8.616178
1440.181
21.59585
8.75801
1441.802
21.55387
8.899872
1443.424
21.55387
8.899872
1443.424
21.51314
9.387409
1445.063
21.47363
9.822257
1446.702
21.43531
10.206
1448.341
21.39814
10.54016
1449.981
21.39814
10.54016
1449.981
21.36209
10.82624
1451.621
21.32711
11.06567
1453.262
21.29319
11.25986
1454.902
21.26028
11.41016
1456.543
21.22836
11.51788
1458.185
21.22836
11.51788
1458.185
21.1974
11.58431
1459.826
21.16737
11.61069
1461.469
21.13824
11.59821
1463.111
21.10998
11.54804
1464.753
21.08257
11.46132
1466.396
21.08257
11.46132
1466.396
21.05598
11.33913
1468.04
21.03019
11.18255
1469.683
21.00657
11.32655
1471.194
20.98379
11.46395
1472.738
20.96186
11.60203
1474.311
20.96186
11.60203
1474.311
20.94075
11.74218
1475.912
20.92043
11.88458
1477.539
20.90086
12.02708
1479.168
20.88202
12.1696
1480.797
20.86388
12.31214
1482.426
20.86388
12.31214
1482.426
20.84628
12.41233
1484.073
20.82922
12.47145
1485.719
20.81266
12.49074
1487.367
20.7966
12.47139
1489.014
20.78103
12.41456
1490.662
20.78103
12.41456
1490.662
20.76592
12.32136
1492.31
20.75126
12.1929
1493.958
20.73704
12.03023
1495.607
20.72375
12.05405
1497.19
20.71089
12.05881
1498.817
20.71089
12.05881
1498.817
20.69848
12.05976
1500.455
20.68652
12.05995
1502.094
20.67499
12.05999
1503.733
20.66388
12.06
1505.372
20.65317
12.06
1507.011
20.65317
12.06
1507.011
20.64285
12.06
1508.651
20.6329
12.06
1510.291
20.62331
12.06
1511.932
20.61407
12.06
1513.573
20.61407
12.06
1513.573
20.60517
12.06
1515.214
20.59658
12.06
1516.855
20.58831
12.06
1518.497
20.58033
12.06
1520.139
20.57265
12.06
1521.782
20.57265
12.06
1521.782
20.56524
12.06
1523.425
20.5581
12.06
1525.068
20.55122
12.06
1526.711
20.54459
12.06
1528.355
20.53819
12.06
1529.999
20.53819
12.06
1529.999
20.53199
12.40994
1531.655
20.52598
12.71131
1533.311
20.52015
12.96559
1534.967
20.51449
13.17417
1536.624
20.509
13.33843
1538.281
20.509
13.33843
1538.281
20.50367
13.4597
1539.939
20.49851
13.53927
1541.596
20.4935
13.57839
1543.255
20.48864
13.57827
1544.913
20.48392
13.5401
1546.571
20.48392
13.5401
1546.571
20.47935
13.465
1548.23
20.47492
13.3541
1549.89
20.47061
13.20846
1551.55
20.46644
13.02913
1553.209
20.46239
12.81711
1554.87
20.46239
12.81711
1554.87
20.45847
12.57339
1556.53
20.45466
12.29892
1558.191
20.45096
11.99462
1559.853
20.44759
12.04693
1561.399
20.44432
12.05739
1563.008
20.44432
12.05739
1563.008
20.44115
12.05948
1564.659
20.4381
12.0599
1566.31
20.43516
12.05998
1567.961
20.43233
12.06
1569.613
20.4296
12.06
1571.265
20.42695
12.40994
1572.928
20.42695
12.40994
1572.928
20.42438
12.71131
1574.593
20.42188
12.96559
1576.257
20.41947
13.17417
1577.922
20.41712
13.33843
1579.587
20.41484
13.4597
1581.252
20.41484
13.4597
1581.252
20.41264
13.53927
1582.918
20.4105
13.57839
1584.584
20.40842
13.57827
1586.25
20.4064
13.54009
1587.917
20.4064
13.54009
1587.917
20.40445
13.465
1589.584
20.40256
13.3541
1591.251
20.40072
13.20846
1592.919
20.39893
13.02913
1594.587
20.3972
12.81711
1596.255
20.3972
12.81711
1596.255
20.39552
12.57339
1597.923
20.3939
12.29892
1599.592
20.39232
11.99462
1601.262
20.39088
12.04692
1602.815
20.38947
12.00886
1604.456
20.38947
12.00886
1604.456
20.3881
11.93388
1606.126
20.38256
11.82308
1607.797
20.36855
11.67755
1609.467
20.34205
11.49831
1611.138
20.29919
11.28639
1612.81
20.29919
11.28639
1612.81
20.23187
11.04277
1614.482
20.13628
10.76839
1616.154
20.00908
10.46418
1617.826
19.84693
10.13104
1619.499
19.65512
9.769822
1621.172
19.65512
9.769822
1621.172
19.44326
9.381382
1622.845
19.2162
8.966532
1624.519
18.97891
8.526064
1626.193
18.73593
8.060747
1627.868
18.49158
7.571328
1629.542
18.49158
7.571328
1629.542
18.25457
7.058528
1631.217
18.02467
6.523049
1632.893
17.80166
5.965572
1634.568
17.58534
5.386757
1636.244
17.37551
4.787243
1637.92
17.37551
4.787243
1637.92
17.17198
4.167652
1639.597
16.97456
3.528585
1641.274
16.78305
2.870628
1642.951
16.59729
2.194346
1644.629
16.41711
1.500291
1646.306
16.41711
1.500291
1646.306
16.27586
1.868058
1647.663
16.13279
1.941612
1649.178
15.99369
1.956322
1650.781
15.85934
1.959265
1652.448
15.72979
1.959853
1654.115
15.72979
1.959853
1654.115
15.6049
1.959971
1655.784
15.48451
1.959994
1657.453
15.36847
1.959999
1659.122
15.25661
1.96
1660.791
15.14879
1.96
1662.46
15.14879
1.96
1662.46
15.04486
1.96
1664.13
14.94468
1.96
1665.801
14.84811
1.96
1667.472
14.75063
1.96
1669.142
14.64759
1.96
1670.814
14.64759
1.96
1670.814
14.53004
1.96
1672.485
14.3938
1.96
1674.157
14.23502
1.96
1675.83
14.0498
1.96
1677.502
13.83448
1.96
1679.175
13.83448
1.96
1679.175
13.58075
1.96
1680.849
13.28526
1.96
1682.522
12.94466
1.96
1684.197
12.55601
1.96
1685.871
12.11629
1.96
1687.545
12.11629
1.96
1687.545
11.61808
1.96
1689.219
11.05878
1.96
1690.894
10.43585
1.96
1692.569
9.746846
1.96
1694.244
8.989383
1.96
1695.919
8.989383
1.96
1695.919
8.165207
1.96
1697.594
7.27658
1.96
1699.27
6.325671
1.96
1700.945
5.314568
1.96
1702.621
5.314568
1.96
1702.621
4.255931
1.96
1704.297
3.196959
1.96
1705.973
2.137919
1.96
1707.648
1.078866
1.96
1709.324
0.01981068
1.96
1710.999
0.01981068
1.96
1710.999
-1.039245
1.96
1712.675
-2.098301
1.96
1714.35
-3.157357
1.96
1716.026
-4.216413
1.96
1717.701
-5.27547
1.96
1719.377
-5.27547
1.96
1719.377
-6.334526
1.96
1721.052
-7.393582
1.96
1722.728
-8.452639
1.96
1724.404
-9.511695
1.96
1726.079
-10.57075
1.96
1727.755
-10.57075
1.96
1727.755
-11.62981
1.96
1729.43
-12.68886
1.96
1731.106
-13.74792
1.96
1732.781
-14.80698
1.96
1734.457
-15.86603
1.96
1736.132
-16.92509
1.96
1737.808
-16.92509
1.96
1737.808
-17.99025
2.309937
1739.493
-19.0554
2.611314
1741.178
-20.12056
2.865586
1742.863
-21.18572
3.074167
1744.549
-22.25087
3.238428
1746.234
-22.25087
3.238428
1746.234
-23.31603
3.359699
1747.919
-24.38119
3.439268
1749.604
-25.44634
3.478388
1751.289
-26.5115
3.478271
1752.974
-27.57666
3.440095
1754.66
-28.64182
3.365001
1756.345
-28.64182
3.365001
1756.345
-29.70697
3.254098
1758.03
-30.77213
3.108458
1759.715
-31.83729
2.929125
1761.4
-32.90244
2.717109
1763.086
-33.9676
2.473391
1764.771
-33.9676
2.473391
1764.771
-35.03275
2.198922
1766.456
-36.09791
1.894624
1768.141
-37.10127
1.946925
1769.729
-38.15865
1.957385
1771.401
-38.15865
1.957385
1771.401
-39.21737
1.959477
1773.077
-40.27636
1.959896
1774.752
-41.3354
1.959979
1776.427
-42.39445
1.959996
1778.103
-43.45351
1.959999
1779.779
-43.45351
1.959999
1779.779
-44.51257
1.96
1781.454
-45.57162
1.96
1783.13
-46.63068
1.96
1784.805
-47.68973
1.96
1786.481
-48.74879
1.96
1788.156
-48.74879
1.96
1788.156
-49.81394
2.309937
1789.841
-50.8791
2.611314
1791.527
-51.94425
2.865586
1793.212
-53.00941
3.074167
1794.897
-54.07456
3.238428
1796.582
-54.07456
3.238428
1796.582
-55.13972
3.359699
1798.267
-56.20487
3.439268
1799.953
-57.27003
3.478388
1801.638
-58.33518
3.478271
1803.323
-59.40034
3.440095
1805.008
-60.46085
3.365001
1806.693
-60.46085
3.365001
1806.693
-61.42601
3.254098
1808.378
-62.35258
3.108458
1810.064
-63.23706
2.929125
1811.749
-64.07597
2.717109
1813.434
-64.86594
2.473391
1815.119
-64.86594
2.473391
1815.119
-65.5989
2.198922
1816.804
-66.27192
1.894624
1818.49
-66.71076
2.352286
1819.326
-67.08796
2.748303
1820.273
-67.08796
2.748303
1820.273
-67.39697
3.094377
1821.325
-67.63482
3.392006
1822.479
-67.79892
3.642644
1823.731
-67.88676
3.847699
1825.079
-67.89588
4.008541
1826.52
-67.82393
4.126493
1828.05
-67.82393
4.126493
1828.05
-67.66387
4.202845
1829.668
-67.4136
4.238843
1831.354
-67.07568
4.235699
1833.039
-66.65273
4.194586
1834.724
-66.65273
4.194586
1834.724
-66.14732
4.116644
1836.409
-65.56192
4.002977
1838.094
-64.89892
3.854657
1839.779
-64.16065
3.672724
1841.465
-63.34937
3.458187
1843.15
-63.34937
3.458187
1843.15
-62.46728
3.212022
1844.835
-61.51649
2.93518
1846.52
-60.49906
2.62858
1848.205
-59.43391
2.293116
1849.891
-58.36875
1.929652
1851.576
-58.36875
1.929652
1851.576
-57.38283
1.95393
1853.164
-56.33526
1.958786
1854.833
-55.27656
1.959757
1856.508
-54.21757
1.959952
1858.184
-53.15853
1.95999
1859.859
-53.15853
1.95999
1859.859
-52.09948
1.959998
1861.535
-51.04042
1.96
1863.21
-49.97527
2.309937
1864.896
-48.91011
2.611313
1866.581
-47.84496
2.865586
1868.266
-47.84496
2.865586
1868.266
-46.7798
3.074167
1869.951
-45.71465
3.238428
1871.636
-44.64949
3.359698
1873.322
-43.58434
3.439268
1875.007
-42.51918
3.478388
1876.692
-42.51918
3.478388
1876.692
-41.45403
3.478271
1878.377
-40.48402
3.440095
1880.062
-39.54841
3.365001
1881.747
-38.65096
3.254098
1883.433
-37.79518
3.108459
1885.118
-36.98458
2.929126
1886.803
-36.98458
2.929126
1886.803
-36.22726
2.71711
1888.488
-35.52631
2.473392
1890.173
-34.87532
2.198922
1891.859
-34.26752
1.894624
1893.544
-33.69687
1.561392
1895.229
-33.69687
1.561392
1895.229
-33.15281
1.200095
1896.914
-32.62973
0.811573
1898.599
-32.12234
0.3966442
1900.284
-31.63019
-0.04389951
1901.97
-31.15279
-0.5092897
1903.655
-31.1383
-0.519456
1903.323
-31.11489
-0.5572023
1903.257
-31.09064
-0.6227748
1903.243
-31.06764
-0.7120129
1903.241
-31.04717
-0.7641538
1903.24
-31.02714
-0.78795
1903.24
-31.00754
-0.7840521
1903.24
-30.98834
-0.7533225
1903.24
-30.96957
-0.6958057
1903.24
-30.9512
-0.6123341
1903.24
-30.93453
-0.5093586
1903.24
-30.92003
-0.3926025
1903.24
-30.90771
-0.2661701
1903.24
-30.89739
-0.1329675
1903.24
-30.88881
0.004962698
1903.24
-30.88171
0.1461905
1903.24
-30.87587
0.289717
1903.24
-30.87108
0.434845
1903.24
-30.86714
0.5810884
1903.24
-30.86392
0.7281086
1903.24
-30.86129
0.8756696
1903.24
-30.85913
1.023607
1903.24
-30.85737
1.171806
1903.24
-30.85592
1.320187
1903.24
-30.85475
1.468696
1903.24
-30.85378
1.617292
1903.24
-30.85299
1.779682
1903.294
-30.85222
1.975029
1903.479
-30.85147
2.202578
1903.791
-30.85075
2.461364
1904.228
-30.85005
2.750449
1904.785
-30.84937
3.068924
1905.458
-30.84871
3.415907
1906.244
-30.84807
3.790544
1907.14
-30.84745
4.192005
1908.142
-30.84684
4.619485
1909.248
-30.84626
5.072203
1910.453
-30.84569
5.549402
1911.756
-30.84514
6.050348
1913.152
-30.84461
6.574329
1914.64
-30.84409
7.120653
1916.217
-30.84359
7.68865
1917.879
-30.84311
8.201545
1919.625
-30.84263
8.66099
1921.452
-30.84218
9.068588
1923.357
-30.84173
9.425896
1925.338
-30.8413
9.734422
1927.393
-30.84088
9.995629
1929.519
-30.84048
10.21094
1931.715
-30.84009
10.38172
1933.979
-30.8397
10.50932
1936.307
-30.83933
10.59503
1938.699
-30.83898
10.64011
1941.152
-30.83863
10.64577
1943.666
-30.83829
10.61319
1946.236
-30.83796
10.54354
1948.863
-30.83764
10.43791
1951.545
-30.83734
10.29738
1954.279
-30.83704
10.12301
1957.064
-30.83675
9.915804
1959.899
-30.83647
9.676753
1962.782
-30.83619
9.406811
1965.712
-30.83593
9.106904
1968.688
-30.83567
8.777932
1971.707
-30.83542
8.420767
1974.768
-30.83518
8.036253
1977.872
-30.83494
7.625212
1981.015
-30.83472
7.18844
1984.197
-30.8345
6.726707
1987.417
-30.83428
6.240765
1990.674
-30.83407
5.731337
1993.966
-30.83387
5.19913
1997.292
-30.83368
4.644825
2000.652
-30.83349
4.069088
2004.045
-30.83331
3.472559
2007.469
-30.83313
2.855864
2010.923
-30.83296
2.219606
2014.407
-30.83279
1.564373
2017.92
-30.83264
1.880875
2021.163
-30.83248
1.944175
2024.504
-30.83233
1.956835
2027.881
-30.83218
1.959367
2031.282
-30.83204
1.959874
2034.703
-30.8319
1.959975
2038.143
-30.83176
1.959995
2041.602
-30.83163
1.959999
2045.079
-30.83151
1.96
2048.574
-30.83139
1.96
2052.085
-30.83127
1.96
2055.613
-31.15279
-0.5092897
1903.655
-31.15279
-0.5092897
1903.655
-31.14941
1.25473
1903.914
-31.13946
2.946871
1904.678
-31.12321
4.567252
1905.926
-31.10094
6.115995
1907.636
-31.07291
7.593219
1909.788
-31.03941
8.999045
1912.36
-31.0007
10.3336
1915.333
-30.95707
11.59699
1918.683
-30.90878
12.78934
1922.391
-30.8561
13.91078
1926.435
-30.79932
14.96143
1930.795
-30.7387
15.9414
1935.45
-30.67453
16.85081
1940.377
-30.60706
17.68979
1945.557
-30.53659
18.45846
1950.969
-30.46338
19.15693
1956.59
-30.3877
19.78534
1962.401
-30.30983
20.34378
1968.38
-30.23004
20.8324
1974.506
-30.14861
21.2513
1980.759
-30.06581
21.60062
1987.116
-29.98191
21.88046
1993.558
-29.8972
22.09096
2000.063
-29.81193
22.23222
2006.609
-29.72639
22.30437
2013.177
-29.64086
22.30754
2019.745
-29.55559
22.24183
2026.292
-29.47088
22.10738
2032.797
-29.38698
21.9043
2039.239
-29.30418
21.63272
2045.596
-29.22275
21.29275
2051.848
-29.14297
20.88451
2057.975
-29.0651
20.40812
2063.954
-28.98942
19.86371
2069.765
-28.9162
19.2514
2075.386
-28.84573
18.5713
2080.797
-28.77826
17.82354
2085.978
-28.71409
17.00824
2090.905
-28.65347
16.12551
2095.559
-28.59669
15.17548
2099.919
-28.54402
14.15827
2103.964
-28.49572
13.07399
2107.672
-28.45209
11.92278
2111.022
-28.41338
10.70474
2113.994
-28.37988
9.420004
2116.567
-28.35185
8.068687
2118.719
-28.32958
6.650912
2120.429
-28.31333
5.166798
2121.677
-28.30338
3.616465
2122.441
-28.3
2.000034
2122.7
-28.3
2.000034
2122.7
-28.3
2.000034
2122.7
-28.3
2.000034
2122.7
-28.3
2.000034
2122.7
-28.3
2.000034
2122.7
-28.3
2.000034
2122.7
-28.3
2.000034
2122.7
-28.3
2.000034
2122.7
-28.3
2.000034
2122.7
-28.3
2.000034
2122.7
-28.3
2.000034
2122.7
-28.3
2.000034
2122.7
-28.3
2.000034
2122.7
-28.3
2.000034
2122.7
-28.3
2.000034
2122.7
-28.3
2.000034
2122.7
-28.3
2.000034
2122.7
-28.3
2.000034
2122.7
-28.3
2.000034
2122.7
-28.3
2.000034
2122.7
-28.3
1.961972
2122.7
-28.3
1.960394
2122.717
-28.3
1.960079
2122.75
-28.3
1.960016
2122.802
-28.3
1.960016
2122.802
-28.3
1.960003
2122.873
-28.3
1.960001
2122.96
-28.3
1.96
2123.06
-28.3
1.96
2123.168
-28.3
1.96
2123.282
-28.3
1.96
2123.282
-28.3
1.96
2123.401
-28.3
1.96
2123.523
-28.3
1.96
2123.671
-28.3
1.96
2123.833
-28.3
1.96
2124.01
-28.3
1.96
2124.01
-28.3
1.96
2124.202
-28.3
1.96
2124.407
-28.3
1.96
2124.627
-28.3
1.96
2124.861
-28.3
1.96
2124.861
-28.3
1.96
2125.108
-28.3
1.96
2125.37
-28.3
1.96
2125.646
-28.3
1.96
2125.935
-28.3
1.96
2126.237
-28.3
1.96
2126.553
-28.3
1.96
2126.553
-28.3
1.96
2126.882
-28.3
1.96
2127.225
-28.3
1.96
2127.581
-28.3
1.96
2127.95
-28.3
1.96
2127.95
-28.3
1.96
2128.332
-28.3
1.96
2128.728
-28.3
1.96
2129.136
-28.3
1.96
2129.557
-28.3
1.96
2129.991
-28.3
1.96
2129.991
-28.3
1.96
2130.438
-28.3
1.96
2130.897
-28.3
1.96
2131.369
-28.3
1.96
2131.854
-28.3
1.96
2132.351
-28.3
1.96
2132.351
-28.3
1.96
2132.86
-28.3
1.96
2133.382
-28.3
1.96
2133.917
-28.3
1.96
2134.463
-28.3
1.96
2135.022
-28.3
1.96
2135.022
-28.3
1.96
2135.593
-28.3
1.96
2136.177
-28.3
1.96
2136.772
-28.3
1.96
2137.379
-28.3
1.96
2137.999
-28.3
1.96
2137.999
-28.3
1.96
2138.63
-28.3
1.96
2139.274
-28.3
1.96
2139.929
-28.3
1.96
2140.596
-28.3
1.96
2140.596
-28.3
1.96
2141.275
-28.3
1.96
2141.967
-28.3
1.96
2142.669
-28.3
1.96
2143.384
-28.3
1.96
2144.11
-28.3
1.96
2144.11
-28.3
1.96
2144.848
-28.3
1.96
2145.598
-28.3
1.96
2146.36
-28.3
1.96
2147.133
-28.3
1.96
2147.917
-28.3
1.96
2147.917
-28.3
1.96
2148.713
-28.3
1.96
2149.521
-28.3
1.96
2150.34
-28.3
1.96
2151.171
-28.3
1.96
2152.013
-28.3
1.96
2152.013
-28.3
1.96
2152.867
-28.3
1.96
2153.732
-28.3
1.96
2154.608
-28.3
1.96
2155.496
-28.3
1.96
2156.395
-28.3
1.96
2156.395
-28.3
1.96
2157.305
-28.3
1.96
2158.227
-28.3
1.96
2159.16
-28.3
1.96
2160.104
-28.3
1.96
2161.06
-28.3
1.96
2161.06
-28.3
1.96
2162.027
-28.3
1.96
2163.005
-28.3
1.96
2163.994
-28.3
1.96
2164.994
-28.3
1.96
2166.006
-28.3
1.96
2166.006
-28.3
1.96
2167.029
-28.3
1.96
2168.063
-28.3
1.96
2169.107
-28.3
1.96
2170.164
-28.3
1.96
2170.164
-28.3
1.96
2171.231
-28.3
1.96
2172.309
-28.3
1.96
2173.399
-28.3
1.96
2174.5
-28.3
1.96
2175.611
-28.3
1.96
2176.734
-28.3
1.96
2176.734
-28.3
1.96
2177.867
-28.3
1.96
2179.012
-28.3
1.96
2180.168
-28.3
1.96
2181.334
-28.3
1.96
2182.512
-28.3
1.96
2182.512
-28.3
1.96
2183.7
-28.3
1.96
2184.9
-28.3
1.96
2186.111
-28.3
1.96
2187.332
-28.3
1.96
2188.564
-28.3
1.96
2188.564
-28.3
1.96
2189.807
-28.3
1.96
2191.062
-28.3
1.96
2192.327
-28.3
1.96
2193.603
-28.3
1.96
2194.889
-28.3
1.96
2194.889
-28.3
1.96
2196.187
-28.3
1.96
2197.496
-28.3
1.96
2198.815
-28.3
1.96
2200.146
-28.3
1.96
2201.487
-28.3
1.96
2201.487
-28.3
1.96
2202.839
-28.3
2.126855
2204.121
-28.3
2.250642
2205.427
-28.3
2.332653
2206.759
-28.3
2.37414
2208.113
-28.3
2.37414
2208.113
-28.3
2.37632
2209.491
-28.3
2.340372
2210.893
-28.3
2.267439
2212.317
-28.3
2.158632
2213.763
-28.3
2.158632
2213.763
-28.3
2.015026
2215.232
-28.3
1.837665
2216.722
-28.3
1.935533
2218.141
-28.3
1.955107
2219.595
-28.3
1.959021
2221.066
-28.3
1.959021
2221.066
-28.3
1.959804
2222.549
-28.3
1.959961
2224.043
-28.3
1.959992
2225.549
-28.3
1.959998
2227.066
-28.3
1.96
2228.595
-28.3
1.96
2230.135
-28.3
1.96
2230.135
-28.3
1.96
2231.686
-28.3
1.96
2233.249
0
0
0
0
0
0
0
0
0
0
0
0
0
0
0
0
0
0
0
0
0
0
0
0
0
0
0
0
0
0
0
0
0
0
0
0
0
0
0
0
0
0
0
0
0
0
0
0
0
0
0
0
0
0
0
0
0
0
0
0
0
0
0
0
0
0
0
0
0
0
0
0
0
0
0
0
0
0
0
0
0
0
0
0
0
0
0
0
0
0
0
0
0
0
0
0
0
0
0
0
0
0
0
0
0
0
0
0
0
0
0
0
0
0
0
0
0
0
0
0
0
0
0
0
0
0
0
0
0
0
0
0
0
0
0
0
0
0
0
0
0
0
0
0
0
0
0
0
0
0
0
0
0
0
0
0
0
0
0
0
0
0
0
0
0
0
0
0
0
0
0
0
0
0
0
0
0
0
0
0
0
0
0
0
0
0
0
0
0
0
0
0
0
0
0
0
0
0
0
0
0
0
0
0
0
0
0
0
0
0
0
0
0
0
0
0
0
0
0
0
0
0
0
0
0
0
0
0
0
0
0
0
0
0
0
0
0
0
0
0
0
0
0
0
0
0
0
0
0
0
0
0
0
0
0
0
0
0
0
0
0
0
0
0
0
0
0
0
0
0
0
0
0
0
0
0
0
0
0
0
0
0
0
0
0
0
0
0
0
0
0
0
0
0
0
0
0
0
0
0
0
0
0
0
0
0
0
0
0
0
0
0
0
0
0
0
0
0
0
0
0
0
0
0
0
0
0
0
0
0
0
0
0
0
0
0
0
0
0
0
0
0
0
0
0
0
0
0
0
0
0
0
0
0
0
0
0
0
0
0
0
0
0
0
0
0
0
0
0
0
0
0
0
0
0
0
0
0
0
0
0
0
0
0
0
0
0
0
0
0
0
0
0
0
0
0
0
0
0
0
0
0
0
0
0
0
0
0
0
0
0
0
0
0
0
0
0
0
0
0
0
0
0
0
0
0
0
0
0
0
0
0
0
0
0
0
0
0
0
0
0
0
0
0
0
0
0
0
0
0
0
0
0
0
0
0
0
0
0
0
0
0
0
0
0
0
0
0
0
0
0
0
0
0
0
0
0
0
0
0
0
0
0
0
0
0
0
0
0
0
0
0
0
0
0
0
0
0
0
0
0
0
0
0
0
0
0
0
0
0
0
0
0
0
0
0
0
0
0
0
0
0
0
0
0
0
0
0
0
0
0
0
0
0
0
0
0
0
0
0
0
0
0
0
0
0
0
0
0
0
0
0
0
0
0
0
0
0
0
0
0
0
0
0
0
0
0
0
0
0
0
0
0
0
0
0
0
0
0
0
0
0
0
0
0
0
0
0
0
0
0
0
0
0
0
0
0
0
0
0
0
0
0
0
0
0
0
0
0
0
0
0
0
0
0
0
0
0
0
0
0
0
0
0
0
0
0
0
0
0
0
0
0
0
0
0
0
0
0
0
0
0
0
0
0
0
0
0
0
0
0
0
0
0
0
0
0
0
0
0
0
0
0
0
0
0
0
0
0
0
0
0
0
0
0
0
0
0
0
0
0
0
0
0
0
0
0
0
0
0
0
0
0
0
0
0
0
0
0
0
0
0
0
0
0
0
0
0
0
0
0
0
0
0
0
0
0
0
0
0
0
0
0
0
0
0
0
0
0
0
0
0
0
0
0
0
0
0
0
0
0
0
0
0
0
0
0
0
0
0
0
0
0
0
0
0
0
0
0
0
0
0
0
0
0
0
0
0
0
0
0
0
0
0
0
0
0
0
0
0
0
0
0
0
0
0
0
0
0
0
0
0
0
0
0
0
0
0
0
0
0
0
0
0
0
0
0
0
0
0
0
0
0
0
0
0
0
0
0
0
0
0
0
0
0
0
0
0
0
0
0
0
0
0
0
0
0
0
0
0
0
0
0
0
0
0
0
0
0
0
0
0
0
0
0
0
0
0
0
0
0
0
0
0
0
0
0
0
0
0
0
0
0
0
0
0
0
0
0
0
0
0
0
0
0
0
0
0
0
0
0
0
0
0
0
0
0
0
0
0
0
0
0
0
0
0
0
0
0
0
0
0
0
0
0
0
0
0
0
0
0
0
0
0
0
0
0
0
0
0
0
0
0
0
0
0
0
0
0
0
0
0
0
0
0
0
0
0
0
0
0
0
0
0
0
0
0
0
0
0
0
0
0
0
0
0
0
0
0
0
0
0
0
0
0
0
0
0
0
0
0
0
0
0
0
0
0
0
0
0
0
0
0
0
0
0
0
0
0
0
0
0
0
0
0
0
0
0
0
0
0
0
0
0
0
0
0
0
0
0
0
0
0
0
0
0
0
0
0
0
0
0
0
0
0
0
0
0
0
0
0
0
0
0
0
0
0
0
0
0
0
0
0
0
0
0
0
0
0
0
0
0
0
0
0
0
0
0
0
0
0
0
0
0
0
0
0
0
0
0
0
0
0
0
0
0
0
0
0
0
0
0
0
0
0
0
0
0
0
0
0
0
0
0
0
0
0
0
0
0
0
0
0
0
0
0
0
0
0
0
0
0
0
0
0
0
0
0
0
0
0
0
0
0
0
0
0
0
0
0
0
0
0
0
0
0
0
0
0
0
0
0
0
0
0
0
0
0
0
0
0
0
0
0
0
0
0
0
0
0
0
0
0
0
0
0
0
0
0
0
0
0
0
0
0
0
0
0
0
0
0
0
0
0
0
0
0
0
0
0
0
0
0
0
0
0
0
0
0
0
0
0
0
0
0
0
0
0
0
0
0
0
0
0
0
0
0
0
0
0
0
0
0
0
0
0
0
0
0
0
0
0
0
0
0
0
0
0
0
0
0
0
0
0
0
0
0
0
0
0
0
0
0
0
0
0
0
0
0
0
0
0
0
0
0
0
0
0
0
0
0
0
0
0
0
0
0
0
0
0
0
0
0
0
0
0
0
0
0
0
0
0
0
0
0
0
0
0
0
0
0
0
0
0
0
0
0
0
0
0
0
0
0
0
0
0
0
0
0
0
0
0
0
0
0
0
0
0
0
0
0
0
0
0
0
0
0
0
0
0
0
0
0
0
0
0
0
0
0
0
0
0
0
0
0
0
0
0
0
0
0
0
0
0
0
0
0
0
0
0
0
0
0
0
0
0
0
0
0
0
0
0
0
0
0
0
0
0
0
0
0
0
0
0
0
0
0
0
0
0
0
0
0
0
0
0
0
0
0
0
0
0
0
0
0
0
0
0
0
0
0
0
0
0
0
0
0
0
0
0
0
0
0
0
0
0
0
0
0
0
0
0
0
0
0
0
0
0
0
0
0
0
0
0
0
0
0
0
0
0
0
0
0
0
0
0
0
0
0
0
0
0
0
0
0
0
0
0
0
0
0
0
0
0
0
0
0
0
0
0
0
0
0
0
0
0
0
0
0
0
0
0
0
0
0
0
0
0
0
0
0
0
0
0
0
0
0
0
0
0
0
0
0
0
0
0
0
0
0
0
0
0
0
0
0
0
0
0
0
0
0
0
0
0
0
0
0
0
0
0
0
0
0
0
0
0
0
0
0
0
0
0
0
0
0
0
0
0
0
0
0
0
0
0
0
0
0
0
0
0
0
0
0
0
0
0
0
0
0
0
0
0
0
0
0
0
0
0
0
0
0
0
0
0
0
0
0
0
0
0
0
0
0
0
0
0
0
0
0
0
0
0
0
0
0
0
0
0
0
0
0
0
0
0
0
0
0
0
0
0
0
0
0
0
0
0
0
0
0
0
0
0
0
0
0
0
0
0
0
0
0
0
0
0
0
0
0
0
0
0
0
0
0
0
0
0
0
0
0
0
0
0
0
0
0
0
0
0
0
0
0
0
0
0
0
0
0
0
0
0
0
0
0
0
0
0
0
0
0
0
0
0
0
0
0
0
0
0
0
0
0
0
0
0
0
0
0
0
0
0
0
0
0
0
0
0
0
0
0
0
0
0
0
0
0
0
0
0
0
0
0
0
0
0
0
0
0
0
0
0
0
0
0
0
0
0
0
0
0
0
0
0
0
0
0
0
0
0
0
0
0
0
0
0
0
0
0
0
0
0
0
0
0
0
0
0
0
0
0
0
0
0
0
0
0
0
0
0
0
0
0
0
0
0
0
0
0
0
0
0
0
0
0
0
0
0
0
0
0
0
0
0
0
0
0
0
0
0
0
0
0
0
0
0
0
0
0
0
0
0
0
0
0
0
0
0
0
0
0
0
0
0
0
0
0
0
0
0
0
0
0
0
0
0
0
0
0
0
0
0
0
0
0
0
0
0
0
0
0
0
0
0
0
0
0
0
0
0
0
0
0
0
0
0
0
0
0
0
0
0
0
0
0
0
0
0
0
0
0
0
0
0
0
0
0
0
0
0
0
0
0
0
0
0
0
0
0
0
0
0
0
0
0
0
0
0
0
0
0
0
0
0
0
0
0
0
0
0
0
0
0
0
0
0
0
0
0
0
0
0
0
0
0
0
0
0
0
0
0
0
0
0
0
0
0
0
0
0
0
0
0
0
0
0
0
0
0
0
0
0
0
0
0
0
0
0
0
0
0
0
0
0
0
0
0
0
0
0
0
0
0
0
0
0
0
0
0
0
0
0
0
0
0
0
0
0
0
0
0
0
0
0
0
0
0
0
0
0
0
0
0
0
0
0
0
0
0
0
0
0
0
0
0
0
0
0
0
0
0
0
0
0
0
0
0
0
0
0
0
0
0
0
0
0
0
0
0
0
0
0
0
0
0
0
0
0
0
0
0
0
0
0
0
0
0
0
0
0
0
0
0
0
0
0
0
0
0
0
0
0
0
0
0
0
0
0
0
0
0
0
0
0
0
0
0
0
0
0
0
0
0
0
0
0
0
0
0
0
0
0
0
0
0
0
0
0
0
0
0
0
0
0
0
0
0
0
0
0
0
0
0
0
0
0
0
0
0
0
0
0
0
0
0
0
0
0
0
0
0
0
0
0
0
0
0
0
0
0
0
0
0
0
0
0
0
0
0
0
0
0
0
0
0
0
0
0
0
0
0
0
0
0
0
0
0
0
0
0
0
0
0
0
0
0
0
0
0
0
0
0
0
0
0
0
0
0
0
0
0
0
0
0
0
0
0
0
0
0
0
0
0
0
0
0
0
0
0
0
0
0
0
0
0
0
0
0
0
0
0
0
0
0
0
0
0
0
0
0
0
0
0
0
0
0
0
0
0
0
0
0
0
0
0
0
0
0
0
0
0
0
0
0
0
0
0
0
0
0
0
0
0
0
0
0
0
0
0
0
0
0
0
0
0
0
0
0
0
0
0
0
0
0
0
0
0
0
0
0
0
0
0
0
0
0
0
0
0
0
0
0
0
0
0
0
0
0
0
0
0
0
0
0
0
0
0
0
0
0
0
0
0
0
0
0
0
0
0
0
0
0
0
0
0
0
0
0
0
0
0
0
0
0
0
0
0
0
0
0
0
0
0
0
0
0
0
0
0
0
0
0
0
0
0
0
0
0
0
0
0
0
0
0
0
0
0
0
0
0
0
0
0
0
0
0
0
0
0
0
0
0
0
0
0
0
0
0
0
0
0
0
0
0
0
0
0
0
0
0
0
0
0
0
0
0
0
0
0
0
0
0
0
0
0
0
0
0
0
0
0
0
0
0
0
0
0
0
0
0
0
0
0
0
0
0
0
0
0
0
0
0
0
0
0
0
0
0
0
0
0
0
0
0
0
0
0
0
0
0
0
0
0
0
0
0
0
0
0
0
0
0
0
0
0
0
0
0
0
0
0
0
0
0
0
0
0
0
0
0
0
0
0
0
0
0
0
0
0
0
0
0
0
0
0
0
0
0
0
0
0
0
0
0
0
0
0
0
0
0
0
0
0
0
0
0
0
0
0
0
0
0
0
0
0
0
0
0
0
0
0
0
0
0
0
0
0
0
0
0
0
0
0
0
0
0
0
0
0
0
0
0
0
0
0
0
0
0
0
0
0
0
0
0
0
0
0
0
0
0
0
0
0
0
0
0
0
0
0
0
0
0
0
0
0
0
0
0
0
0
0
0
0
0
0
0
0
0
0
0
0
0
0
0
0
0
0
0
0
0
0
0
0
0
0
0
0
0
0
0
0
0
0
0
0
0
0
0
0
0
0
0
0
0
0
0
0
0
0
0
0
0
0
0
0
0
0
0
0
0
0
0
0
0
0
0
0
0
0
0
0
0
0
0
0
0
0
0
0
0
0
0
0
0
0
0
0
0
0
0
0
0
0
0
0
0
0
0
0
0
0
0
0
0
0
0
0
0
0
0
0
0
0
0
0
0
0
0
0
0
0
0
0
0
0
0
0
0
0
0
0
0
0
0
0
0
0
0
0
0
0
0
0
0
0
0
0
0
0
0
0
0
0
0
0
0
0
0
0
0
0
0
0
0
0
0
0
0
0
0
0
0
0
0
0
0
0
0
0
0
0
0
0
0
0
0
0
0
0
0
0
0
0
0
0
0
0
0
0
0
0
0
0
0
0
0
0
0
0
0
0
0
0
0
0
0
0
0
0
0
0
0
0
0
0
0
0
0
0
0
0
0
0
0
0
0
0
0
0
0
0
0
0
0
0
0
0
0
0
0
0
0
0
0
0
0
0
0
0
0
0
0
0
0
0
0
0
0
0
0
0
0
0
0
0
0
0
0
0
0
0
0
0
0
0
0
0
0
0
0
0
0
0
0
0
0
0
0
0
0
0
0
0
0
0
0
0
0
0
0
0
0
0
0
0
0
0
0
0
0
0
0
0
0
0
0
0
0
0
0
0
0
0
0
0
0
0
0
0
0
0
0
0
0
0
0
0
0
0
0
0
0
0
0
0
0
0
0
0
0
0
0
0
0
0
0
0
0
0
0
0
0
0
0
0
0
0
0
0
0
0
0
0
0
0
0
0
0
0
0
0
0
0
0
0
0
0
0
0
0
0
0
0
0
0
0
0
0
0
0
0
0
0
0
0
0
0
0
0
0
0
0
0
0
0
0
0
0
0
0
0
0
0
0
0
0
0
0
0
0
0
0
0
0
0
0
0
0
0
0
0
0
0
0
0
0
0
0
0
0
0
0
0
0
0
0
0
0
0
0
0
0
0
0
0
0
0
0
0
0
0
0
0
0
0
0
0
0
0
0
0
0
0
0
0
0
0
0
0
0
0
0
0
0
0
0
0
0
0
0
0
0
0
0
0
0
0
0
0
0
0
0
0
0
0
0
0
0
0
0
0
0
0
0
0
0
0
0
0
0
0
0
0
0
0
0
0
0
0
0
0
0
0
0
0
0
0
0
0
0
0
0
0
0
0
0
0
0
0
0
0
0
0
0
0
0
0
0
0
0
0
0
0
0
0
0
0
0
0
0
0
0
0
0
0
0
0
0
0
0
0
0
0
0
0
0
0
0
0
0
0
0
0
0
0
0
0
0
0
0
0
0
0
0
0
0
0
0
0
0
0
0
0
0
0
0
0
0
0
0
0
0
0
0
0
0
0
0
0
0
0
0
0
0
0
0
0
0
0
0
0
0
0
0
0
0
0
0
0
0
0
0
0
0
0
0
0
0
0
0
0
0
0
0
0
0
0
0
0
0
0
0
0
0
0
0
0
0
0
0
0
0
0
0
0
0
0
0
0
0
0
0
0
0
0
0
0
0
0
0
0
0
0
0
0
0
0
0
0
0
0
0
0
0
0
0
0
0
0
0
0
0
0
0
0
0
0
0
0
0
0
0
0
0
0
0
0
0
0
0
0
0
0
0
0
0
0
0
0
0
0
0
0
0
0
0
0
0
0
0
0
0
0
0
0
0
0
0
0
0
0
0
0
0
0
0
0
0
0
0
0
0
0
0
0
0
0
0
0
0
0
0
0
0
0
0
0
0
0
0
0
0
0
0
0
0
0
0
0
0
0
0
0
0
0
0
0
0
0
0
0
0
0
0
0
0
0
0
0
0
0
0
0
0
0
0
0
0
0
0
0
0
0
0
0
0
0
0
0
0
0
0
0
0
0
0
0
0
0
0
0
0
0
0
0
0
0
0
0
0
0
0
0
0
0
0
0
0
0
0
0
0
0
0
0
0
0
0
0
0
0
0
0
0
0
0
0
0
0
0
0
0
0
0
0
0
0
0
0
0
0
0
0
0
0
0
0
0
0
0
0
0
0
0
0
0
0
0
0
0
0
0
0
0
0
0
0
0
0
0
0
0
0
0
0
0
0
0
0
0
0
0
0
0
0
0
0
0
0
0
0
0
0
0
0
0
0
0
0
0
0
0
0
0
0
0
0
0
0
0
0
0
0
0
0
0
0
0
0
0
0
0
0
0
0
0
0
0
0
0
0
0
0
0
0
0
0
0
0
0
0
0
0
0
0
0
0
0
0
0
0
0
0
0
0
0
0
0
0
0
0
0
0
0
0
0
0
0
0
0
0
0
0
0
0
0
0
0
0
0
0
0
0
0
0
0
0
0
0
0
0
0
0
0
0
0
0
0
0
0
0
0
0
0
0
0
0
0
0
0
0
0
0
0
0
0
0
0
0
0
0
0
0
0
0
0
0
0
0
0
0
0
0
0
0
0
0
0
0
0
0
0
0
0
0
0
0
0
0
0
0
0
0
0
0
0
0
0
0
0
0
0
0
0
0
0
0
0
0
0
0
0
0
0
0
0
0
0
0
0
0
0
0
0
0
0
0
0
0
0
0
0
0
0
0
0
0
0
0
0
0
0
0
0
0
0
0
0
0
0
0
0
0
0
0
0
0
0
0
0
0
0
0
0
0
0
0
0
0
0
0
0
0
0
0
0
0
0
0
0
0
0
0
0
0
0
0
0
0
0
0
0
0
0
0
0
0
0
0
0
0
0
0
0
0
0
0
0
0
0
0
0
0
0
0
0
0
0
0
0
0
0
0
0
0
0
0
0
0
0
0
0
0
0
0
0
0
0
0
0
0
0
0
0
0
0
0
0
0
0
0
0
0
0
0
0
0
0
0
0
0
0
0
0
0
0
0
0
0
0
0
0
0
0
0
0
0
0
0
0
0
0
0
0
0
0
0
0
0
0
0
0
0
0
0
0
0
0
0
0
0
0
0
0
0
0
0
0
0
0
0
0
0
0
0
0
0
0
0
0
0
0
0
0
0
0
0
0
0
0
0
0
0
0
0
0
0
0
0
0
0
0
0
0
0
0
0
0
0
0
0
0
0
0
0
0
0
0
0
0
0
0
0
0
0
0
0
0
0
0
0
0
0
0
0
0
0
0
0
0
0
0
0
0
0
0
0
0
0
0
0
0
0
0
0
0
0
0
0
0
0
0
0
0
0
0
0
0
0
0
0
0
0
0
0
0
0
0
0
0
0
0
0
0
0
0
0
0
0
0
0
0
0
0
0
0
0
0
0
0
0
0
0
0
0
0
0
0
0
0
0
0
0
0
0
0
0
0
0
0
0
0
0
0
0
0
0
0
0
0
0
0
0
0
0
0
0
0
0
0
0
0
0
0
0
0
0
0
0
0
0
0
0
0
0
0
0
0
0
0
0
0
0
0
0
0
0
0
0
0
0
0
0
0
0
0
0
0
0
0
0
0
0
0
0
0
0
0
0
0
0
0
0
0
0
0
0
0
0
0
0
0
0
0
0
0
0
0
0
0
0
0
0
0
0
0
0
0
0
0
0
0
0
0
0
0
0
0
0
0
0
0
0
0
0
0
0
0
0
0
0
0
0
0
0
0
0
0
0
0
0
0
0
0
0
0
0
0
0
0
0
0
0
0
0
0
0
0
0
0
0
0
0
0
0
0
0
0
0
0
0
0
0
0
0
0
0
0
0
0
0
0
0
0
0
0
0
0
0
0
0
0
0
0
0
0
0
0
0
0
0
0
0
0
0
0
0
0
0
0
0
0
0
0
0
0
0
0
0
0
0
0
0
0
0
0
0
0
0
0
0
0
0
0
0
0
0
0
0
0
0
0
0
0
0
0
0
0
0
0
0
0
0
0
0
0
0
0
0
0
0
0
0
0
0
0
0
0
0
0
0
0
0
0
0
0
0
0
0
0
0
0
0
0
0
0
0
0
0
0
0
0
0
0
0
0
0
0
0
0
0
0
0
0
0
0
0
0
0
0
0
0
0
0
0
0
0
0
0
0
0
0
0
0
0
0
0
0
0
0
0
0
0
0
0
0
0
0
0
0
0
0
0
0
0
0
0
0
0
0
0
0
0
0
0
0
0
0
0
0
0
0
0
0
0
0
0
0
0
0
0
0
0
0
0
0
0
0
0
0
0
0
0
0
0
0
0
0
0
0
0
0
0
0
0
0
0
0
0
0
0
0
0
0
0
0
0
0
0
0
0
0
0
0
0
0
0
0
0
0
0
0
0
0
0
0
0
0
0
0
0
0
0
0
0
0
0
0
0
0
0
0
0
0
0
0
0
0
0
0
0
0
0
0
0
0
0
0
0
0
0
0
0
0
0
0
0
0
0
0
0
0
0
0
0
0
0
0
0
0
0
0
0
0
0
0
0
0
0
0
0
0
0
0
0
0
0
0
0
0
0
0
0
0
0
0
0
0
0
0
0
0
0
0
0
0
0
0
0
0
0
0
0
0
0
0
0
0
0
0
0
0
0
0
0
0
0
0
0
0
0
0
0
0
0
0
0
0
0
0
0
0
0
0
0
0
0
0
0
0
0
0
0
0
0
0
0
0
0
0
0
0
0
0
0
0
0
0
0
0
0
0
0
0
0
0
0
0
0
0
0
0
0
0
0
0
0
0
0
0
0
0
0
0
0
0
0
0
0
0
0
0
0
0
0
0
0
0
0
0
0
0
0
0
0
0
0
0
0
0
0
0
0
0
0
0
0
0
0
0
0
0
0
0
0
0
0
0
0
0
0
0
0
0
0
0
0
0
0
0
0
0
0
0
0
0
0
0
0
0
0
0
0
0
0
0
0
0
0
0
0
0
0
0
0
0
0
0
0
0
0
0
0
0
0
0
0
0
0
0
0
0
0
0
0
0
0
0
0
0
0
0
0
0
0
0
0
0
0
0
0
0
0
0
0
0
0
0
0
0
0
0
0
0
0
0
0
0
0
0
0
0
0
0
0
0
0
0
0
0
0
0
0
0
0
0
0
0
0
0
0
0
0
0
0
0
0
0
0
0
0
0
0
0
0
0
0
0
0
0
0
0
0
0
0
0
0
0
0
0
0
0
0
0
0
0
0
0
0
0
0
0
0
0
0
0
0
0
0
0
0
0
0
0
0
0
0
0
0
0
0
0
0
0
0
0
0
0
0
0
0
0
0
0
0
0
0
0
0
0
0
0
0
0
0
0
0
0
0
0
0
0
0
0
0
0
0
0
0
0
0
0
0
0
0
0
0
0
0
0
0
0
0
0
0
0
0
0
0
0
0
0
0
0
0
0
0
0
0
0
0
0
0
0
0
0
0
0
0
0
0
0
0
0
0
0
0
0
0
0
0
0
0
0
0
0
0
0
0
0
0
0
0
0
0
0
0
0
0
0
0
0
0
0
0
0
0
0
0
0
0
0
0
0
0
0
0
0
0
0
0
0
0
0
0
0
0
0
0
0
0
0
0
0
0
0
0
0
0
0
0
0
0
0
0
0
0
0
0
0
0
0
0
0
0
0
0
0
0
0
0
0
0
0
0
0
0
0
0
0
0
0
0
0
0
0
0
0
0
0
0
0
0
0
0
0
0
0
0
0
0
0
0
0
0
0
0
0
0
0
0
0
0
0
0
0
0
0
0
0
0
0
0
0
0
0
0
0
0
0
0
0
0
0
0
0
0
0
0
0
0
0
0
0
0
0
0
0
0
0
0
0
0
0
0
0
0
0
0
0
0
0
0
0
0
0
0
0
0
0
0
0
0
0
0
0
0
0
0
0
0
0
0
0
0
0
0
0
0
0
0
0
0
0
0
0
0
0
0
0
0
0
0
0
0
0
0
0
0
0
0
0
0
0
0
0
0
0
0
0
0
0
0
0
0
0
0
0
0
0
0
0
0
0
0
0
0
0
0
0
0
0
0
0
0
0
0
0
0
0
0
0
0
0
0
0
0
0
0
0
0
0
0
0
0
0
0
0
0
0
0
0
0
0
0
0
0
0
0
0
0
0
0
0
0
0
0
0
0
0
0
0
0
0
0
0
0
0
0
0
0
0
0
0
0
0
0
0
0
0
0
0
0
0
0
0
0
0
0
0
0
0
0
0
0
0
0
0
0
0
0
0
0
0
0
0
0
0
0
0
0
0
0
0
0
0
0
0
0
0
0
0
0
0
0
0
0
0
0
0
0
0
0
0
0
0
0
0
0
0
0
0
0
0
0
0
0
0
0
0
0
0
0
0
0
0
0
0
0
0
0
0
0
0
0
0
0
0
0
0
0
0
0
0
0
0
0
0
0
0
0
0
0
0
0
0
0
0
0
0
0
0
0
0
0
0
0
0
0
0
0
0
0
0
0
0
0
0
0
0
0
0
0
0
0
0
0
0
0
0
0
0
0
0
0
0
0
0
0
0
0
0
0
0
0
0
0
0
0
0
0
0
0
0
0
0
0
0
0
0
0
0
0
0
0
0
0
0
0
0
0
0
0
0
0
0
0
0
0
0
0
0
0
0
0
0
0
0
0
0
0
0
0
0
0
0
0
0
0
0
0
0
0
0
0
0
0
0
0
0
0
0
0
0
0
0
0
0
0
0
0
0
0
0
0
0
0
0
0
0
0
0
0
0
0
0
0
0
0
0
0
0
0
0
0
0
0
0
0
0
0
0
0
0
0
0
0
0
0
0
0
