0
2
0
0
2
0
0
1.961937
0
-4.198105E-09
1.960387
8.396211E-09
-4.198105E-09
1.960387
8.396211E-09
-3.003997E-09
1.960078
6.007995E-09
-2.14322E-09
1.960016
4.286442E-09
-1.529385E-09
1.960003
3.058771E-09
-1.091657E-09
1.960001
2.183315E-09
-1.091657E-09
1.960001
2.183315E-09
-7.795066E-10
1.96
1.559014E-09
-5.569025E-10
1.96
1.113806E-09
-3.981517E-10
1.96
7.963041E-10
-2.849334E-10
1.96
5.698673E-10
-2.849334E-10
1.96
5.698673E-10
-2.041831E-10
1.96
4.083668E-10
-1.465853E-10
1.96
2.931713E-10
-1.054972E-10
1.96
2.109951E-10
-1.054972E-10
1.96
2.109951E-10
-7.618203E-11
1.96
1.523647E-10
-5.526201E-11
1.96
1.105246E-10
-4.032865E-11
1.96
8.06579E-11
-4.032865E-11
1.96
8.06579E-11
-2.966447E-11
1.96
5.932953E-11
-2.20448E-11
1.96
4.409018E-11
-1.659634E-11
1.96
3.319325E-11
-1.269636E-11
1.96
2.539329E-11
-1.269636E-11
1.96
2.539329E-11
-1.269636E-11
1.96
2.539329E-11
-1.269636E-11
1.96
2.539329E-11
-1.269636E-11
1.96
2.539329E-11
-1.269636E-11
1.96
2.539329E-11
-1.269636E-11
1.96
2.539329E-11
-1.269636E-11
1.96
2.539329E-11
-1.269636E-11
1.96
2.539329E-11
-1.269636E-11
1.96
2.539329E-11
-1.269636E-11
1.96
2.539329E-11
-1.269636E-11
1.96
2.539329E-11
-1.269636E-11
1.96
2.539329E-11
-1.269636E-11
1.96
2.539329E-11
-1.269636E-11
1.96
2.539329E-11
-1.269636E-11
1.96
2.539329E-11
-1.269636E-11
1.96
2.539329E-11
-1.269636E-11
1.96
2.539329E-11
-1.269636E-11
1.96
2.539329E-11
-1.269636E-11
1.96
2.539329E-11
-1.269636E-11
1.96
2.539329E-11
-1.269636E-11
1.96
2.539329E-11
-1.269636E-11
1.96
2.539329E-11
-1.269636E-11
1.96
2.539329E-11
-1.269636E-11
1.96
2.539329E-11
-1.269636E-11
1.96
2.539329E-11
-1.269636E-11
1.96
2.539329E-11
-1.269636E-11
1.96
2.539329E-11
-1.269636E-11
1.96
2.539329E-11
-1.269636E-11
1.96
2.539329E-11
-1.269636E-11
1.96
2.539329E-11
-1.269636E-11
1.96
2.539329E-11
-1.269636E-11
1.96
2.539329E-11
-1.269636E-11
1.96
2.539329E-11
-1.269636E-11
1.96
2.539329E-11
-1.269636E-11
1.96
2.539329E-11
-1.269636E-11
1.96
2.539329E-11
-1.269636E-11
1.96
2.539329E-11
-1.269636E-11
1.96
2.539329E-11
-1.269636E-11
1.96
2.539329E-11
-1.269636E-11
1.96
2.539329E-11
-1.269636E-11
1.96
2.539329E-11
-1.269636E-11
1.96
2.539329E-11
-1.269636E-11
1.96
2.539329E-11
-1.269636E-11
1.96
2.539329E-11
-1.269636E-11
1.96
2.539329E-11
-1.269636E-11
1.96
2.539329E-11
-1.269636E-11
1.96
2.539329E-11
-1.269636E-11
1.96
2.539329E-11
-1.269636E-11
1.96
2.539329E-11
-1.269636E-11
1.96
2.539329E-11
-1.269636E-11
1.96
2.539329E-11
-1.269636E-11
1.96
2.539329E-11
-1.269636E-11
1.96
2.539329E-11
-1.269636E-11
1.96
2.539329E-11
-1.269636E-11
1.96
2.539329E-11
-1.269636E-11
1.96
2.539329E-11
-1.269636E-11
1.96
2.539329E-11
-1.269636E-11
1.96
2.539329E-11
-1.269636E-11
1.96
2.539329E-11
-1.269636E-11
1.96
2.539329E-11
-1.269636E-11
1.96
2.539329E-11
-1.269636E-11
1.96
2.539329E-11
-1.269636E-11
1.96
2.539329E-11
-1.269636E-11
1.96
2.539329E-11
-1.269636E-11
1.96
2.539329E-11
-1.269636E-11
1.96
2.539329E-11
-1.269636E-11
1.96
2.539329E-11
-1.269636E-11
1.96
2.539329E-11
-1.269636E-11
1.96
2.539329E-11
-1.269636E-11
1.96
2.539329E-11
-1.269636E-11
1.96
2.539329E-11
-1.269636E-11
1.96
2.539329E-11
-1.269636E-11
1.96
2.539329E-11
-1.269636E-11
1.96
2.539329E-11
-1.269636E-11
1.96
2.539329E-11
-1.269636E-11
1.96
2.539329E-11
-1.269636E-11
1.96
2.539329E-11
-1.269636E-11
1.96
2.539329E-11
-1.269636E-11
1.96
2.539329E-11
-1.269636E-11
1.96
2.539329E-11
-1.269636E-11
1.96
2.539329E-11
-1.269636E-11
1.96
2.539329E-11
-1.269636E-11
1.96
2.539329E-11
-1.269636E-11
1.96
2.539329E-11
-1.269636E-11
1.96
2.539329E-11
-1.269636E-11
1.96
2.539329E-11
-1.269636E-11
1.96
2.539329E-11
-1.269636E-11
1.96
2.539329E-11
-1.269636E-11
1.96
2.539329E-11
-1.269636E-11
1.96
2.539329E-11
-1.269636E-11
1.96
2.539329E-11
-1.269636E-11
1.96
2.539329E-11
-1.269636E-11
1.96
2.539329E-11
-1.269636E-11
1.96
2.539329E-11
-1.269636E-11
1.96
2.539329E-11
-1.269636E-11
1.96
2.539329E-11
-1.269636E-11
1.96
2.539329E-11
-1.269636E-11
1.96
2.539329E-11
-1.269636E-11
1.96
2.539329E-11
-1.269636E-11
1.96
2.539329E-11
-1.269636E-11
1.96
2.539329E-11
-1.269636E-11
1.96
2.539329E-11
-1.269636E-11
1.96
2.539329E-11
-1.269636E-11
1.96
2.539329E-11
-1.269636E-11
1.96
2.539329E-11
-1.269636E-11
1.96
2.539329E-11
-1.269636E-11
1.96
2.539329E-11
-1.269636E-11
1.96
2.539329E-11
-1.269636E-11
1.96
2.539329E-11
-1.269636E-11
1.96
2.539329E-11
-1.269636E-11
1.96
2.539329E-11
-1.269636E-11
1.96
2.539329E-11
-1.269636E-11
1.96
2.539329E-11
-1.269636E-11
1.96
2.539329E-11
-1.269636E-11
1.96
2.539329E-11
-1.269636E-11
1.96
2.539329E-11
-1.269636E-11
1.96
2.539329E-11
-1.269636E-11
1.96
2.539329E-11
-1.269636E-11
1.96
2.539329E-11
-1.269636E-11
1.96
2.539329E-11
-1.269636E-11
1.96
2.539329E-11
-1.269636E-11
1.96
2.539329E-11
-1.269636E-11
1.96
2.539329E-11
-1.269636E-11
1.96
2.539329E-11
-1.269636E-11
1.96
2.539329E-11
-1.269636E-11
1.96
2.539329E-11
-1.269636E-11
1.96
2.539329E-11
-1.269636E-11
1.96
2.539329E-11
-1.269636E-11
1.96
2.539329E-11
-1.269636E-11
1.96
2.539329E-11
-1.269636E-11
1.96
2.539329E-11
-1.269636E-11
1.96
2.539329E-11
-1.269636E-11
1.96
2.539329E-11
-1.269636E-11
1.96
2.539329E-11
-1.269636E-11
1.96
2.539329E-11
-1.269636E-11
1.96
2.539329E-11
-1.269636E-11
1.96
2.539329E-11
-1.269636E-11
1.96
2.539329E-11
-1.269636E-11
1.96
2.539329E-11
-1.269636E-11
1.96
2.539329E-11
-1.269636E-11
1.96
2.539329E-11
-1.269636E-11
1.96
2.539329E-11
-1.269636E-11
1.96
2.539329E-11
-1.269636E-11
1.96
2.539329E-11
-1.269636E-11
1.96
2.539329E-11
-1.269636E-11
1.96
2.539329E-11
-1.269636E-11
1.96
2.539329E-11
-1.269636E-11
1.96
2.539329E-11
-1.269636E-11
1.96
2.539329E-11
-1.269636E-11
1.96
2.539329E-11
-1.269636E-11
1.96
2.539329E-11
-1.269636E-11
1.96
2.539329E-11
-1.269636E-11
1.96
2.539329E-11
-1.269636E-11
1.96
2.539329E-11
-1.269636E-11
1.96
2.539329E-11
-1.269636E-11
1.96
2.539329E-11
-1.269636E-11
1.96
2.539329E-11
-1.269636E-11
1.96
2.539329E-11
-1.269636E-11
1.96
2.539329E-11
-1.269636E-11
1.96
2.539329E-11
-1.269636E-11
1.96
2.539329E-11
-1.269636E-11
1.96
2.539329E-11
-1.269636E-11
1.96
2.539329E-11
-1.269636E-11
1.96
2.539329E-11
-1.269636E-11
1.96
2.539329E-11
-1.269636E-11
1.96
2.539329E-11
-1.269636E-11
1.96
2.539329E-11
-1.269636E-11
1.96
2.539329E-11
-1.269636E-11
1.96
2.539329E-11
-1.269636E-11
1.96
2.539329E-11
-1.269636E-11
1.96
2.539329E-11
-1.269636E-11
1.96
2.539329E-11
-1.269636E-11
1.96
2.539329E-11
-1.269636E-11
1.96
2.539329E-11
-1.269636E-11
1.96
2.539329E-11
-1.269636E-11
1.96
2.539329E-11
-1.269636E-11
1.96
2.539329E-11
-1.269636E-11
1.96
2.539329E-11
-1.269636E-11
1.96
2.539329E-11
-1.269636E-11
1.96
2.539329E-11
-1.269636E-11
1.96
2.539329E-11
-1.269636E-11
1.96
2.539329E-11
-1.269636E-11
1.96
2.539329E-11
-1.269636E-11
1.96
2.539329E-11
-1.269636E-11
1.96
2.539329E-11
-1.269636E-11
1.96
2.539329E-11
-1.269636E-11
1.96
2.539329E-11
-1.269636E-11
1.96
2.539329E-11
-1.269636E-11
1.96
2.539329E-11
-1.269636E-11
1.96
2.539329E-11
-1.269636E-11
1.96
2.539329E-11
-1.269636E-11
1.96
2.539329E-11
-1.269636E-11
1.96
2.539329E-11
-1.269636E-11
1.96
2.539329E-11
-1.269636E-11
1.96
2.539329E-11
-1.269636E-11
1.96
2.539329E-11
-1.269636E-11
1.96
2.539329E-11
-1.269636E-11
1.96
2.539329E-11
-1.269636E-11
1.96
2.539329E-11
-1.269636E-11
1.96
2.539329E-11
-1.269636E-11
1.96
2.539329E-11
-1.269636E-11
1.96
2.539329E-11
-1.269636E-11
1.96
2.539329E-11
-1.269636E-11
1.96
2.539329E-11
-1.269636E-11
1.96
2.539329E-11
-1.269636E-11
1.96
2.539329E-11
-1.269636E-11
1.96
2.539329E-11
-1.269636E-11
1.96
2.539329E-11
-1.269636E-11
1.96
2.539329E-11
-1.269636E-11
1.96
2.539329E-11
-1.269636E-11
1.96
2.539329E-11
-1.269636E-11
1.96
2.539329E-11
-1.269636E-11
1.96
2.539329E-11
-1.269636E-11
1.96
2.539329E-11
-1.269636E-11
1.96
2.539329E-11
-1.269636E-11
1.96
2.539329E-11
-1.269636E-11
1.96
2.539329E-11
-1.269636E-11
1.96
2.539329E-11
-1.269636E-11
1.96
2.539329E-11
-1.269636E-11
1.96
2.539329E-11
-1.269636E-11
1.96
2.539329E-11
-1.269636E-11
1.96
2.539329E-11
-1.269636E-11
1.96
2.539329E-11
-1.269636E-11
1.96
2.539329E-11
-1.269636E-11
1.96
2.539329E-11
-1.269636E-11
1.96
2.539329E-11
-1.269636E-11
1.96
2.539329E-11
-1.269636E-11
1.96
2.539329E-11
-1.269636E-11
1.96
2.539329E-11
-1.269636E-11
1.96
2.539329E-11
-1.269636E-11
1.96
2.539329E-11
-1.269636E-11
1.96
2.539329E-11
-1.269636E-11
1.96
2.539329E-11
-1.269636E-11
1.96
2.539329E-11
-1.269636E-11
1.96
2.539329E-11
-1.269636E-11
1.96
2.539329E-11
-1.269636E-11
1.96
2.539329E-11
-1.269636E-11
1.96
2.539329E-11
-1.269636E-11
1.96
2.539329E-11
-1.269636E-11
1.96
2.539329E-11
-1.269636E-11
1.96
2.539329E-11
-1.269636E-11
1.96
2.539329E-11
-1.269636E-11
1.96
2.539329E-11
-1.269636E-11
1.96
2.539329E-11
-1.269636E-11
1.96
2.539329E-11
-1.269636E-11
1.96
2.539329E-11
-1.269636E-11
1.96
2.539329E-11
-1.269636E-11
1.96
2.539329E-11
-1.269636E-11
1.96
2.539329E-11
-1.269636E-11
1.96
2.539329E-11
-1.269636E-11
1.96
2.539329E-11
-1.269636E-11
1.96
2.539329E-11
-1.269636E-11
1.96
2.539329E-11
-1.269636E-11
1.96
2.539329E-11
-1.269636E-11
1.96
2.539329E-11
-1.269636E-11
1.96
2.539329E-11
-1.269636E-11
1.96
2.539329E-11
-1.269636E-11
1.96
2.539329E-11
-1.269636E-11
1.96
2.539329E-11
-1.269636E-11
1.96
2.539329E-11
-1.269636E-11
1.96
2.539329E-11
-1.269636E-11
1.96
2.539329E-11
-1.269636E-11
1.96
2.539329E-11
-1.269636E-11
1.96
2.539329E-11
-1.269636E-11
1.96
2.539329E-11
-1.269636E-11
1.96
2.539329E-11
-1.269636E-11
1.96
2.539329E-11
-1.269636E-11
1.96
2.539329E-11
-1.269636E-11
1.96
2.539329E-11
-1.269636E-11
1.96
2.539329E-11
-1.269636E-11
1.96
2.539329E-11
-1.269636E-11
1.96
2.539329E-11
-1.269636E-11
1.96
2.539329E-11
-1.269636E-11
1.96
2.539329E-11
-1.269636E-11
1.96
2.539329E-11
-1.269636E-11
1.96
2.539329E-11
-1.269636E-11
1.96
2.539329E-11
-1.269636E-11
1.96
2.539329E-11
-1.269636E-11
1.96
2.539329E-11
-1.269636E-11
1.96
2.539329E-11
-1.269636E-11
1.96
2.539329E-11
-1.269636E-11
1.96
2.539329E-11
-1.269636E-11
1.96
2.539329E-11
-1.269636E-11
1.96
2.539329E-11
-1.269636E-11
1.96
2.539329E-11
-1.269636E-11
1.96
2.539329E-11
-2.761604E-11
1.96
0.000903466
-2.761604E-11
1.96
0.000903466
-1.27509E-08
1.96
0.004313961
-1.34224E-08
1.96
0.01138601
-1.39349E-08
1.96
0.02301368
-5.584674E-09
1.96
0.04010682
-5.584674E-09
1.96
0.04010682
-1.231983E-08
1.96
0.06454879
-3.403895E-08
1.96
0.09727041
-4.30805E-08
1.96
0.1391339
-4.30805E-08
1.96
0.1391339
-2.641511E-08
1.96
0.1921337
-3.547045E-08
1.96
0.2574263
-3.817371E-08
1.96
0.3349283
-3.817371E-08
1.96
0.3349283
-3.471085E-08
1.96
0.4229436
-3.904887E-08
1.96
0.5197253
-4.077498E-08
1.96
0.6237885
-4.077498E-08
1.96
0.6237885
-4.164333E-08
1.96
0.7353647
-4.249831E-08
1.96
0.853415
-4.285403E-08
1.96
0.9888778
-4.490587E-08
1.96
1.132204
-4.490587E-08
1.96
1.132204
-4.414853E-08
1.96
1.293116
-4.756008E-08
1.96
1.471353
-5.845009E-08
1.96
1.666662
-5.845009E-08
1.96
1.666662
-6.606679E-08
1.96
1.879064
-6.606679E-08
1.96
1.879064
-6.188909E-08
1.96
2.108579
-6.213791E-08
1.96
2.354959
-8.700081E-08
1.96
2.617966
-7.969145E-08
1.96
2.897366
-7.08139E-08
1.96
3.192935
-7.08139E-08
1.96
3.192935
-1.029718E-07
1.96
3.50472
-1.375202E-07
1.96
3.832502
-1.655157E-07
1.96
4.176066
-1.655157E-07
1.96
4.176066
-2.031503E-07
1.96
4.535472
-2.091115E-07
1.96
4.910512
-2.312527E-07
1.96
5.300983
-2.312527E-07
1.96
5.300983
-2.632558E-07
1.96
5.706954
-2.975149E-07
1.96
6.128228
-3.680896E-07
1.96
6.564611
-3.680896E-07
1.96
6.564611
-3.749493E-07
1.96
7.016184
-3.878264E-07
1.96
7.482756
-4.043434E-07
1.96
7.964145
-4.043434E-07
1.96
7.964145
-4.078409E-07
1.96
8.460438
-4.140215E-07
1.96
8.971456
-4.284844E-07
1.96
9.497022
-4.457292E-07
1.96
10.03697
-4.457292E-07
1.96
10.03697
-4.579172E-07
1.96
10.59139
-4.686582E-07
1.96
11.16013
-4.788308E-07
1.96
11.74302
-4.788308E-07
1.96
11.74302
-4.885416E-07
1.96
12.34016
-4.975446E-07
1.96
12.9514
-5.058462E-07
1.96
13.57658
-5.162336E-07
1.96
14.21555
-5.162336E-07
1.96
14.21555
-5.271548E-07
1.96
14.86843
-5.431157E-07
1.96
15.53506
-5.689098E-07
1.96
16.21531
-5.784045E-07
1.96
16.90902
-5.784045E-07
1.96
16.90902
-5.586352E-07
1.96
17.61633
-5.613412E-07
1.96
18.3371
-5.613412E-07
1.96
18.3371
-5.554312E-07
1.96
19.07145
-5.650285E-07
1.96
19.81924
-6.083019E-07
1.96
20.58035
-6.544744E-07
1.96
21.35462
-6.544744E-07
1.96
21.35462
-6.77883E-07
1.96
22.14221
-7.26849E-07
1.96
22.94298
-7.26849E-07
1.96
22.94298
-7.535987E-07
1.96
23.75706
-7.72222E-07
1.96
24.58433
-8.165925E-07
1.96
25.42465
-8.381576E-07
1.96
26.27791
-8.381576E-07
1.96
26.27791
-8.937286E-07
1.96
27.14423
-9.36656E-07
1.96
28.02351
-9.902241E-07
1.96
28.91561
-1.007377E-06
1.96
29.82042
-1.007377E-06
1.96
29.82042
-1.013886E-06
1.96
30.73808
-1.03065E-06
1.96
31.66849
-1.051111E-06
1.960001
32.61153
-1.071887E-06
1.96
33.56707
-1.071887E-06
1.96
33.56707
-1.091901E-06
1.96
34.53529
-1.109147E-06
1.96
35.51606
-1.125124E-06
1.96
36.50928
-1.140417E-06
1.96
37.51484
-1.140417E-06
1.96
37.51484
-1.155434E-06
1.96
38.5329
-1.16953E-06
1.96
39.56335
-1.183867E-06
1.96
40.60609
-1.183867E-06
1.96
40.60609
-1.20103E-06
1.96
41.66128
-1.214128E-06
1.96
42.72882
-1.228425E-06
1.96
43.80859
-1.25397E-06
1.96
44.90051
-1.25397E-06
1.96
44.90051
-1.283205E-06
1.96
46.00474
-1.292033E-06
1.96
47.12117
-1.315998E-06
1.96
48.24971
-1.332144E-06
1.96
49.39026
-1.332144E-06
1.96
49.39026
-1.356447E-06
1.96
50.54299
-1.364652E-06
1.96
51.7078
-1.364652E-06
1.96
51.7078
-1.405551E-06
1.96
52.88487
-1.465886E-06
1.96
54.07409
-1.521459E-06
1.96
55.27536
-1.520182E-06
1.96
56.4886
-1.549631E-06
1.96
57.7137
-1.549631E-06
1.96
57.7137
-1.589146E-06
1.96
58.95084
-1.630967E-06
1.96
60.19993
-1.666382E-06
1.96
61.46088
-1.711909E-06
1.96
62.73359
-1.711909E-06
1.96
62.73359
-1.724764E-06
1.96
64.01826
-1.747965E-06
1.96
65.31477
-1.762729E-06
1.96
66.62305
-1.762729E-06
1.96
66.62305
-1.790062E-06
1.96
67.94328
-1.809356E-06
1.96
69.27537
-1.829288E-06
1.96
70.61922
-1.829288E-06
1.96
70.61922
-1.848989E-06
1.96
71.97501
-1.867574E-06
1.96
73.34265
-1.885187E-06
1.96
74.72206
-1.885187E-06
1.96
74.72206
-1.902119E-06
1.96
76.11341
-1.917469E-06
1.96
77.51662
-1.935108E-06
1.96
78.93159
-1.946181E-06
1.96
80.35823
-1.946181E-06
1.96
80.35823
-1.964336E-06
1.96
81.79673
-1.985794E-06
1.96
83.247
-1.998644E-06
1.96
84.70895
-1.998644E-06
1.96
84.70895
-2.014964E-06
1.96
86.18277
-2.043247E-06
1.96
87.66837
-2.088673E-06
1.96
89.16565
-2.110615E-06
1.96
90.67454
-2.110615E-06
1.96
90.67454
-2.148786E-06
1.96
92.19521
-2.2047E-06
1.96
93.72759
-2.262973E-06
1.96
95.27159
-2.306618E-06
1.96
96.82713
-2.306618E-06
1.96
96.82713
-2.334098E-06
1.96
98.39438
-2.369495E-06
1.96
99.97327
-2.414375E-06
1.96
101.5637
-2.414375E-06
1.96
101.5637
-2.469652E-06
1.96
103.1659
-2.536057E-06
1.96
104.7776
-2.588644E-06
1.96
106.3896
-2.588644E-06
1.96
106.3896
-2.625351E-06
1.96
108.0021
-2.6616E-06
1.96
109.6149
-2.697891E-06
1.96
111.228
-2.726219E-06
1.96
112.8413
-2.726219E-06
1.96
112.8413
-2.755487E-06
1.96
114.4551
-2.783865E-06
1.96
116.0693
-2.809623E-06
1.96
117.6836
-2.834309E-06
1.96
119.2983
-2.834309E-06
1.96
119.2983
-2.858029E-06
1.96
120.9135
-2.880876E-06
1.96
122.5289
-2.903146E-06
1.96
124.1446
-2.903146E-06
1.96
124.1446
-2.924206E-06
1.96
125.7609
-2.945346E-06
1.96
127.3774
-2.972316E-06
1.96
128.9942
-2.986414E-06
1.96
130.6112
-3.007569E-06
1.96
132.2285
-3.007569E-06
1.96
132.2285
-3.023969E-06
1.96
133.8464
-3.047938E-06
1.96
135.4645
-3.063298E-06
1.96
137.0829
-3.063298E-06
1.96
137.0829
-3.093884E-06
1.96
138.7018
-3.107865E-06
1.96
140.321
-3.121053E-06
1.96
141.9404
-3.121053E-06
1.96
141.9404
-3.125148E-06
1.96
143.5604
-3.153154E-06
1.96
145.1806
-3.207653E-06
1.96
146.8012
-3.265373E-06
1.96
148.4219
-3.265373E-06
1.96
148.4219
-3.325968E-06
1.96
150.0432
-3.372095E-06
1.9592
151.6651
-3.419368E-06
1.95904
153.2867
-3.485849E-06
1.959008
154.9088
-3.512852E-06
1.959002
156.5312
-3.565396E-06
1.959
158.1538
-3.565396E-06
1.959
158.1538
-3.590123E-06
1.959
159.777
-3.62126E-06
1.959
161.4005
-3.64718E-06
1.959
163.0242
-3.665845E-06
1.959
164.6481
-3.665845E-06
1.959
164.6481
-3.691829E-06
1.959
166.2726
-3.718118E-06
1.959
167.8974
-3.743791E-06
1.959
169.5225
-3.743791E-06
1.959
169.5225
-3.76785E-06
1.959
171.148
-3.790882E-06
1.959
172.7739
-3.813155E-06
1.959
174.4
-3.83466E-06
1.959
176.0264
-3.83466E-06
1.959
176.0264
-3.856561E-06
1.959
177.6533
-3.878152E-06
1.959
179.2804
-3.908692E-06
1.959
180.9079
-3.908692E-06
1.959
180.9079
-3.938314E-06
1.959
182.5359
-3.95535E-06
1.959
184.1641
-3.971258E-06
1.959
185.7926
-3.971258E-06
1.959
185.7926
-3.986369E-06
1.959
187.4216
-4.017247E-06
1.959
189.0509
-4.032277E-06
1.959
190.6805
-4.054493E-06
1.959
192.3104
-4.054493E-06
1.959
192.3104
-4.093555E-06
1.959
193.9407
-4.150813E-06
1.959
195.5714
-4.176997E-06
1.959
197.2023
-4.176997E-06
1.959
197.2023
-4.19398E-06
1.959
198.8337
-4.252385E-06
1.959
200.4654
-4.280495E-06
1.959
202.0974
-4.290942E-06
1.959
203.7296
-4.290942E-06
1.959
203.7296
-4.291432E-06
1.959
205.3624
-4.315405E-06
1.959
206.9954
-4.349163E-06
1.959
208.6287
-4.358372E-06
1.959
210.2623
-4.358372E-06
1.959
210.2623
-4.37432E-06
1.959
211.8964
-4.399001E-06
1.959
213.5308
-4.423051E-06
1.959
215.1654
-4.423051E-06
1.959
215.1654
-4.4431E-06
1.959
216.8006
-4.464303E-06
1.959
218.436
-4.483357E-06
1.959
220.0717
-4.483357E-06
1.959
220.0717
-4.501697E-06
1.959
221.7079
-4.518857E-06
1.959
223.3444
-4.535508E-06
1.959
224.9812
-4.552195E-06
1.959
226.6182
-4.552195E-06
1.959
226.6182
-4.568999E-06
1.959
228.2558
-4.590768E-06
1.959
229.8936
-4.590768E-06
1.959
229.8936
-4.600049E-06
1.959
231.532
-4.611928E-06
1.959
233.1706
-4.639415E-06
1.959
234.8095
-4.67145E-06
1.959
236.4487
-4.67145E-06
1.959
236.4487
-4.707757E-06
1.959
238.0884
-4.711902E-06
1.959
239.7283
-4.714276E-06
1.959
241.3686
-4.724044E-06
1.959
243.0091
-4.724044E-06
1.959
243.0091
-4.766649E-06
1.959
244.6501
-4.778076E-06
1.959
246.2914
-4.796746E-06
1.959
247.9329
-4.796746E-06
1.959
247.9329
-4.790332E-06
1.959
249.575
-4.824187E-06
1.959
251.2174
-4.834903E-06
1.959
252.86
-4.853722E-06
1.959
254.5029
-4.853722E-06
1.959
254.5029
-4.865161E-06
1.959
256.1463
-4.911181E-06
1.959
257.79
-4.917596E-06
1.959
259.434
-4.917596E-06
1.959
259.434
-4.921593E-06
1.959
261.0785
-4.933061E-06
1.959
262.7232
-4.953942E-06
1.959
264.3683
-4.966535E-06
1.959
266.0135
-4.966535E-06
1.959
266.0135
-4.987504E-06
1.959
267.6594
-5.001999E-06
1.959
269.3055
-5.016441E-06
1.959
270.9518
-5.016441E-06
1.959
270.9518
-5.03006E-06
1.9598
272.5984
-5.043047E-06
1.95996
274.2455
-5.055571E-06
1.959992
275.8929
-5.055571E-06
1.959992
275.8929
-5.068038E-06
1.959999
277.5409
-5.080041E-06
1.96
279.1891
-5.094126E-06
1.96
280.8376
-5.107164E-06
1.96
282.4864
-5.107164E-06
1.96
282.4864
-5.12E-06
1.96
284.1357
-5.140781E-06
1.96
285.7852
-5.160941E-06
1.96
287.435
-5.160941E-06
1.96
287.435
-5.209507E-06
1.96
289.0854
-5.244113E-06
1.96
290.736
-5.270776E-06
1.96
292.3869
-5.272632E-06
1.96
294.0381
-5.272632E-06
1.96
294.0381
-5.298483E-06
1.96
295.6897
-5.325489E-06
1.96
297.3417
-5.344787E-06
1.96
298.9939
-5.344787E-06
1.96
298.9939
-5.397873E-06
1.96
300.6466
-5.437539E-06
1.96
302.2997
-5.461309E-06
1.96
303.9529
-5.461309E-06
1.96
303.9529
-5.493218E-06
1.96
305.6068
-5.517758E-06
1.96
307.2608
-5.568168E-06
1.96
308.9152
-5.605052E-06
1.96
310.5698
-5.605052E-06
1.96
310.5698
-5.643222E-06
1.96
312.225
-5.651818E-06
1.96
313.8804
-5.666342E-06
1.96
315.5361
-5.666342E-06
1.96
315.5361
-5.693476E-06
1.96
317.1923
-5.719995E-06
1.96
318.8488
-5.740322E-06
1.96
320.5055
-5.760639E-06
1.96
322.1625
-5.760639E-06
1.96
322.1625
-5.780247E-06
1.96
323.8201
-5.799024E-06
1.96
325.4779
-5.81702E-06
1.96
327.136
-5.834281E-06
1.96
328.7943
-5.834281E-06
1.96
328.7943
-5.852936E-06
1.96
330.4532
-5.871923E-06
1.96
332.1124
-5.890862E-06
1.96
333.7718
-5.890862E-06
1.96
333.7718
-5.901547E-06
1.96
335.4317
-5.919566E-06
1.96
337.0919
-5.937149E-06
1.96
338.7524
-5.957921E-06
1.96
340.4132
-5.986567E-06
1.96
342.0742
-5.986567E-06
1.96
342.0742
-6.03203E-06
1.96
343.7357
-6.03752E-06
1.96
345.3976
-6.082746E-06
1.96
347.0596
-6.082746E-06
1.96
347.0596
-6.138594E-06
1.96
348.7222
-6.171636E-06
1.96
350.3851
-6.230028E-06
1.96
352.0482
-6.291536E-06
1.96
353.7117
-6.291536E-06
1.96
353.7117
-6.313514E-06
1.96
355.3756
-6.333713E-06
1.96
357.0398
-6.361939E-06
1.96
358.7043
-6.399566E-06
1.96
360.369
-6.399566E-06
1.96
360.369
-6.430316E-06
1.96
362.0343
-6.47005E-06
1.96
363.6999
-6.48889E-06
1.96
365.3657
-6.532455E-06
1.96
367.0317
-6.532455E-06
1.96
367.0317
-6.556177E-06
1.96
368.6983
-6.580722E-06
1.96
370.3652
-6.604395E-06
1.96
372.0323
-6.604395E-06
1.96
372.0323
-6.624931E-06
1.96
373.7
-6.644945E-06
1.96
375.368
-6.664551E-06
1.96
377.0362
-6.683417E-06
1.96
378.7047
-6.683417E-06
1.96
378.7047
-6.702251E-06
1.96
380.3737
-6.718487E-06
1.96
382.0429
-6.733387E-06
1.96
383.7125
-6.743538E-06
1.96
385.3823
-6.743538E-06
1.96
385.3823
-6.761889E-06
1.96
387.0526
-6.791779E-06
1.96
388.7232
-6.80532E-06
1.96
390.3941
-6.817801E-06
1.9592
392.0655
-6.817801E-06
1.9592
392.0655
-6.837585E-06
1.95904
393.7369
-6.865288E-06
1.959008
395.4088
-6.902022E-06
1.959002
397.0811
-6.902022E-06
1.959002
397.0811
-6.965102E-06
1.959
398.7538
-7.022777E-06
1.959
400.4268
-7.065534E-06
1.959
402.1001
-7.065534E-06
1.959
402.1001
-7.083582E-06
1.959
403.7739
-7.117252E-06
1.959
405.4477
-7.151883E-06
1.959
407.1215
-7.162132E-06
1.959
408.7953
-7.162132E-06
1.959
408.7953
-7.213363E-06
1.959
410.4691
-7.250945E-06
1.959
412.1429
-7.307109E-06
1.959
413.8167
-7.340893E-06
1.959
415.4904
-7.340893E-06
1.959
415.4904
-7.356677E-06
1.959
417.1642
-7.379208E-06
1.959
418.838
-7.40616E-06
1.959
420.5118
-7.40616E-06
1.959
420.5118
-7.433418E-06
1.959
422.1856
-7.453022E-06
1.959
423.8594
-7.476852E-06
1.959
425.5332
-7.498477E-06
1.959
427.207
-7.518965E-06
1.959
428.8808
-7.518965E-06
1.959
428.8808
-7.538778E-06
1.959
430.5546
-7.557711E-06
1.959
432.2284
-7.57749E-06
1.959
433.9022
-7.593466E-06
1.959
435.576
-7.593466E-06
1.959
435.576
-7.613446E-06
1.959
437.2498
-7.613446E-06
1.959
437.2498
-7.638605E-06
1.959
438.9236
-7.661004E-06
1.959
440.5974
-7.671184E-06
1.959
442.2712
-7.716674E-06
1.959
443.945
-7.739063E-06
1.959
445.6188
-7.739063E-06
1.959
445.6188
-7.777228E-06
1.959
447.2926
-7.824393E-06
1.959
448.9664
-7.839485E-06
1.959
450.6402
-7.839485E-06
1.959
450.6402
-7.895143E-06
1.959
452.314
-7.96224E-06
1.959
453.9878
-7.990272E-06
1.959
455.6616
-7.990272E-06
1.959
455.6616
-8.042727E-06
1.959
457.3354
-8.063503E-06
1.959
459.0092
-8.116873E-06
1.959
460.683
-8.173648E-06
1.959
462.3568
-8.173648E-06
1.959
462.3568
-8.233295E-06
1.959
464.0306
-8.252328E-06
1.959
465.7044
-8.294112E-06
1.959
467.3782
-8.328462E-06
1.959
469.052
-8.328462E-06
1.959
469.052
-8.376182E-06
1.959
470.7258
-8.39929E-06
1.959
472.3996
-8.425048E-06
1.959
474.0734
-8.446093E-06
1.959
475.7472
-8.472684E-06
1.959
477.421
-8.472684E-06
1.959
477.421
-8.497843E-06
1.959
479.0948
-8.497843E-06
1.959
479.0948
-8.521755E-06
1.959
480.7686
-8.544745E-06
1.959
482.4424
-8.566974E-06
1.959
484.1161
-8.588449E-06
1.959
485.7899
-8.588449E-06
1.959
485.7899
-8.610471E-06
1.959
487.4637
-8.633765E-06
1.959
489.1375
-8.647987E-06
1.959
490.8113
-8.647987E-06
1.959
490.8113
-8.668668E-06
1.959
492.4851
-8.704635E-06
1.959
494.1589
-8.736208E-06
1.959
495.8327
-8.759339E-06
1.959
497.5065
-8.759339E-06
1.959
497.5065
-8.79862E-06
1.959
499.1803
-8.855577E-06
1.959
500.8541
-8.881341E-06
1.959
502.5279
-8.93132E-06
1.959
504.2017
-8.93132E-06
1.959
504.2017
-8.9833E-06
1.959
505.8755
-9.011629E-06
1.959
507.5493
-9.081697E-06
1.959
509.2231
-9.081697E-06
1.959
509.2231
-9.130474E-06
1.959
510.8969
-9.154335E-06
1.9598
512.5705
-9.184711E-06
1.95996
514.2443
-9.22356E-06
1.959992
515.918
-9.22356E-06
1.959992
515.918
-9.229174E-06
1.959999
517.5919
-9.257795E-06
1.96
519.2657
-9.28693E-06
1.96
520.9395
-9.303347E-06
1.96
522.6133
-9.303347E-06
1.96
522.6133
-9.318765E-06
1.96
524.2872
-9.346581E-06
1.96
525.961
-9.368705E-06
1.96
527.6348
-9.390847E-06
1.96
529.3087
-9.390847E-06
1.96
529.3087
-9.410768E-06
1.96
530.9825
-9.429649E-06
1.96
532.6563
-9.447802E-06
1.96
534.3301
-9.465898E-06
1.96
536.004
-9.482369E-06
1.96
537.6778
-9.482369E-06
1.96
537.6778
-9.500899E-06
1.96
539.3516
-9.500899E-06
1.96
539.3516
-9.516248E-06
1.96
541.0255
-9.532988E-06
1.96
542.6993
-9.555439E-06
1.96
544.3731
-9.582133E-06
1.96
546.0469
-9.582133E-06
1.96
546.0469
-9.604682E-06
1.96
547.7208
-9.618777E-06
1.96
549.3946
-9.632097E-06
1.96
551.0684
-9.644601E-06
1.96
552.7422
-9.644601E-06
1.96
552.7422
-9.673388E-06
1.96
554.4161
-9.694745E-06
1.96
556.0899
-9.724307E-06
1.96
557.7637
-9.724307E-06
1.96
557.7637
-9.746241E-06
1.96
559.4376
-9.776633E-06
1.96
561.1114
-9.82515E-06
1.96
562.7852
-9.842026E-06
1.96
564.459
-9.842026E-06
1.96
564.459
-9.86642E-06
1.96
566.1329
-9.900105E-06
1.96
567.8067
-9.90006E-06
1.96
569.4805
-9.90006E-06
1.96
569.4805
-9.94898E-06
1.96
571.1544
-9.966971E-06
1.96
572.8282
-9.984253E-06
1.96
574.502
-9.997614E-06
1.96
576.1758
-9.997614E-06
1.96
576.1758
-1.002572E-05
1.96
577.8497
-1.004795E-05
1.96
579.5235
-1.006716E-05
1.96
581.1973
-1.008551E-05
1.96
582.8712
-1.008551E-05
1.96
582.8712
-1.010283E-05
1.96
584.545
-1.011951E-05
1.96
586.2188
-1.013556E-05
1.96
587.8926
-1.013556E-05
1.96
587.8926
-1.015198E-05
1.96
589.5665
-1.016788E-05
1.96
591.2403
-1.018413E-05
1.96
592.9141
-1.020237E-05
1.96
594.588
-1.020237E-05
1.96
594.588
-1.024416E-05
1.96
596.2618
-1.026203E-05
1.96
597.9356
-1.02914E-05
1.96
599.6094
-1.031263E-05
1.96
601.2833
-1.035792E-05
1.96
602.9571
-1.035792E-05
1.96
602.9571
-1.038828E-05
1.96
604.6309
-1.038828E-05
1.96
604.6309
-1.041825E-05
1.96
606.3047
-1.046494E-05
1.96
607.9786
-1.049668E-05
1.96
609.6524
-1.053708E-05
1.96
611.3262
-1.058733E-05
1.96
613.0001
-1.058733E-05
1.96
613.0001
-1.066517E-05
1.96
614.6739
-1.073099E-05
1.96
616.3477
-1.07481E-05
1.96
618.0215
-1.07481E-05
1.96
618.0215
-1.078798E-05
1.96
619.6954
-1.082058E-05
1.96
621.3692
-1.085387E-05
1.96
623.043
-1.085387E-05
1.96
623.043
-1.088308E-05
1.96
624.7169
-1.091686E-05
1.96
626.3907
-1.095059E-05
1.96
628.0645
-1.095059E-05
1.96
628.0645
-1.098318E-05
1.96
629.7383
-1.101618E-05
1.96
631.4122
-1.10427E-05
1.9592
633.0862
-1.107008E-05
1.95904
634.7598
-1.107008E-05
1.95904
634.7598
-1.109548E-05
1.959008
636.4336
-1.111973E-05
1.959002
638.1074
-1.114283E-05
1.959
639.7812
-1.116635E-05
1.959
641.455
-1.116635E-05
1.959
641.455
-1.119009E-05
1.959
643.1288
-1.121493E-05
1.959
644.8027
-1.123496E-05
1.959
646.4765
-1.126222E-05
1.959
648.1503
-1.126222E-05
1.959
648.1503
-1.12973E-05
1.959
649.8242
-1.13198E-05
1.959
651.498
-1.135369E-05
1.959
653.1718
-1.135369E-05
1.959
653.1718
-1.138745E-05
1.959
654.8456
-1.139646E-05
1.959
656.5195
-1.142844E-05
1.959
658.1933
-1.146089E-05
1.959
659.8671
-1.146089E-05
1.959
659.8671
-1.151074E-05
1.959
661.541
-1.156262E-05
1.959
663.2148
-1.160784E-05
1.959
664.8886
-1.163715E-05
1.959
666.5624
-1.163715E-05
1.959
666.5624
-1.169143E-05
1.959
668.2363
-1.175692E-05
1.959
669.9101
-1.179158E-05
1.959
671.5839
-1.179158E-05
1.959
671.5839
-1.182601E-05
1.959
673.2578
-1.183373E-05
1.959
674.9316
-1.188243E-05
1.959
676.6054
-1.189898E-05
1.959
678.2792
-1.189898E-05
1.959
678.2792
-1.192543E-05
1.959
679.9531
-1.19408E-05
1.959
681.6269
-1.196367E-05
1.959
683.3007
-1.198724E-05
1.959
684.9745
-1.198724E-05
1.959
684.9745
-1.200843E-05
1.959
686.6484
-1.202811E-05
1.959
688.3222
-1.204697E-05
1.959
689.996
-1.204697E-05
1.959
689.996
-1.206525E-05
1.959
691.6699
-1.208456E-05
1.959
693.3437
-1.209907E-05
1.959
695.0175
-1.211475E-05
1.959
696.6913
-1.213524E-05
1.959
698.3652
-1.213524E-05
1.959
698.3652
-1.216089E-05
1.959
700.039
-1.217007E-05
1.959
701.7128
-1.218662E-05
1.959
703.3867
-1.219027E-05
1.959
705.0605
-1.219027E-05
1.959
705.0605
-1.217554E-05
1.959
706.7343
-1.219162E-05
1.959
708.4081
-1.22166E-05
1.959
710.082
-1.226761E-05
1.959
711.7558
-1.232964E-05
1.959
713.4296
-1.232964E-05
1.959
713.4296
-1.238634E-05
1.959
715.1035
-1.238634E-05
1.959
715.1035
-1.239454E-05
1.959
716.7773
-1.24428E-05
1.959
718.4511
-1.245146E-05
1.959
720.1249
-1.24665E-05
1.959
721.7988
-1.24665E-05
1.959
721.7988
-1.24984E-05
1.959
723.4726
-1.252332E-05
1.959
725.1464
-1.253968E-05
1.959
726.8203
-1.255957E-05
1.959
728.4941
-1.255957E-05
1.959
728.4941
-1.258351E-05
1.959
730.1679
-1.261236E-05
1.959
731.8417
-1.264004E-05
1.959
733.5156
-1.264004E-05
1.959
733.5156
-1.26597E-05
1.959
735.1894
-1.267869E-05
1.959
736.8632
-1.269463E-05
1.959
738.537
-1.271069E-05
1.959
740.2109
-1.271069E-05
1.959
740.2109
-1.27261E-05
1.959
741.8847
-1.274098E-05
1.959
743.5585
-1.275483E-05
1.959
745.2324
-1.277144E-05
1.959
746.9062
-1.277144E-05
1.959
746.9062
-1.278457E-05
1.959
748.58
-1.280523E-05
1.959
750.2538
-1.282566E-05
1.9598
751.9274
-1.285367E-05
1.95996
753.6012
-1.285367E-05
1.95996
753.6012
-1.2866E-05
1.959992
755.275
-1.2866E-05
1.959992
755.275
-1.287778E-05
1.959999
756.9488
-1.289766E-05
1.96
758.6226
-1.295059E-05
1.96
760.2964
-1.299777E-05
1.96
761.9703
-1.304603E-05
1.96
763.6441
-1.304603E-05
1.96
763.6441
-1.30957E-05
1.96
765.3179
-1.311326E-05
1.96
766.9918
-1.31463E-05
1.96
768.6656
-1.31463E-05
1.96
768.6656
-1.318046E-05
1.96
770.3394
-1.320707E-05
1.96
772.0132
-1.326835E-05
1.96
773.6871
-1.329044E-05
1.96
775.3609
-1.329044E-05
1.96
775.3609
-1.332919E-05
1.96
777.0347
-1.333462E-05
1.96
778.7086
-1.333462E-05
1.96
778.7086
-1.338108E-05
1.96
780.3824
-1.34228E-05
1.96
782.0562
-1.343478E-05
1.96
783.73
-1.343478E-05
1.96
783.73
-1.345621E-05
1.998063
785.4153
-1.3477E-05
2.073047
787.1005
-1.349717E-05
2.183844
788.7858
-1.351673E-05
2.32938
790.471
-1.353571E-05
2.508612
792.1563
-1.353571E-05
2.508612
792.1563
-1.355411E-05
2.720531
793.8415
-1.357196E-05
2.964154
795.5267
-1.358928E-05
3.238532
797.212
-1.358928E-05
3.238532
797.212
-1.360608E-05
3.542741
798.8972
-1.362238E-05
3.875887
800.5825
-1.363818E-05
4.237102
802.2677
-1.365351E-05
4.625542
803.9529
-1.365351E-05
4.625542
803.9529
-1.366838E-05
5.040392
805.6382
-1.368281E-05
5.48086
807.3234
-1.36968E-05
5.946176
809.0087
-1.36968E-05
5.946176
809.0087
-1.371037E-05
6.435596
810.6939
-1.372354E-05
6.948395
812.3792
-1.373631E-05
7.483874
814.0644
-1.373631E-05
7.483874
814.0644
-1.37487E-05
8.041351
815.7496
-1.376071E-05
8.620167
817.4349
-1.377237E-05
9.219681
819.1201
-1.377237E-05
9.219681
819.1201
-1.378367E-05
9.839272
820.8054
-1.379464E-05
10.47834
822.4906
-1.380528E-05
11.1363
824.1758
-1.380528E-05
11.1363
824.1758
-1.38156E-05
11.81258
825.8611
-1.38256E-05
12.50663
827.5463
-1.383531E-05
13.21793
829.2316
-1.384473E-05
13.94595
830.9168
-1.384473E-05
13.94595
830.9168
-1.385387E-05
14.69019
832.6021
-1.386273E-05
15.45017
834.2873
-1.387132E-05
16.22541
835.9725
-1.387966E-05
17.01546
837.6578
-1.387966E-05
17.01546
837.6578
-1.388774E-05
17.81987
839.343
-1.389559E-05
18.63821
841.0283
-1.39032E-05
19.39394
842.7135
-1.39032E-05
19.39394
842.7135
-1.391058E-05
20.08893
844.3987
-1.391774E-05
20.72501
846.084
-1.392468E-05
21.30395
847.7692
-1.393142E-05
21.82745
849.4545
-1.393142E-05
21.82745
849.4545
-1.393795E-05
22.29719
851.1397
-1.394429E-05
22.71477
852.825
-1.395044E-05
23.08176
854.5102
-1.395044E-05
23.08176
854.5102
-1.39564E-05
23.39968
856.1954
-1.396219E-05
23.66999
857.8807
-1.39678E-05
23.89414
859.5659
-1.39678E-05
23.89414
859.5659
-1.397324E-05
24.0735
861.2512
-1.397852E-05
24.20941
862.9364
-1.398364E-05
24.30319
864.6216
-1.398364E-05
24.30319
864.6216
-1.398861E-05
24.35609
866.3069
-1.399343E-05
24.36934
867.9921
-1.39981E-05
24.34412
869.6774
-1.400264E-05
24.28161
871.3626
-1.400703E-05
24.1829
873.0479
-1.400703E-05
24.1829
873.0479
-1.40113E-05
24.0491
874.7331
-1.401544E-05
23.88124
876.4183
-1.401544E-05
23.88124
876.4183
-1.401945E-05
23.68036
878.1036
-1.402334E-05
23.44744
879.7888
-1.402712E-05
23.18344
881.4741
-1.403078E-05
22.88931
883.1593
-1.403078E-05
22.88931
883.1593
-1.403434E-05
22.56593
884.8445
-1.403778E-05
22.21419
886.5298
-1.404113E-05
21.83494
888.215
-1.404437E-05
21.42901
889.9003
-1.404437E-05
21.42901
889.9003
-1.404752E-05
20.99719
891.5855
-1.405057E-05
20.54027
893.2708
-1.405353E-05
20.05898
894.956
-1.405353E-05
20.05898
894.956
-1.40564E-05
19.55408
896.6412
-1.405918E-05
19.02626
898.3265
-1.406188E-05
18.47621
900.0117
-1.406188E-05
18.47621
900.0117
-1.40645E-05
17.98072
901.697
-1.406705E-05
17.53816
903.3822
-1.406951E-05
17.14695
905.0674
-1.406951E-05
17.14695
905.0674
-1.40719E-05
16.80553
906.7527
-1.407422E-05
16.51241
908.4379
-1.407647E-05
16.26616
910.1232
-1.407647E-05
16.26616
910.1232
-1.407866E-05
16.06535
911.8084
-1.408077E-05
15.90863
913.4937
-1.408283E-05
15.79467
915.1789
-1.408482E-05
15.7222
916.8641
-1.408482E-05
15.7222
916.8641
-1.408675E-05
15.68996
918.5494
-1.408862E-05
15.69675
920.2346
-1.409044E-05
15.74141
921.9199
-1.409221E-05
15.82278
923.6051
-1.409221E-05
15.82278
923.6051
-1.409392E-05
15.86365
925.2903
-1.409558E-05
15.86523
926.9756
-1.409719E-05
15.8287
928.6608
-1.409875E-05
15.75521
930.3461
-1.409875E-05
15.75521
930.3461
-1.410026E-05
15.64586
932.0313
-1.410173E-05
15.50172
933.7166
-1.410316E-05
15.32385
935.4018
-1.410316E-05
15.32385
935.4018
-1.410454E-05
15.11325
937.087
-1.410588E-05
14.8709
938.7723
-1.410718E-05
14.59776
940.4575
-1.410718E-05
14.59776
940.4575
-1.410844E-05
14.29476
942.1428
-1.410966E-05
13.96278
943.828
-1.411085E-05
13.60269
945.5132
-1.411085E-05
13.60269
945.5132
-1.4112E-05
13.21535
947.1985
-1.411312E-05
12.80157
948.8837
-1.41142E-05
12.36213
950.569
-1.41142E-05
12.36213
950.569
-1.411525E-05
11.89782
952.2542
-1.411627E-05
11.40937
953.9395
-1.411726E-05
10.89751
955.6247
-1.411726E-05
10.89751
955.6247
-1.411822E-05
10.36295
957.3099
-1.411915E-05
9.806356
958.9952
-1.412005E-05
9.228401
960.6804
-1.412093E-05
8.629722
962.3657
-1.412178E-05
8.01094
964.0509
-1.412178E-05
8.01094
964.0509
-1.41226E-05
7.372658
965.7361
-1.41234E-05
6.715463
967.4214
-1.412417E-05
6.03992
969.1066
-1.412417E-05
6.03992
969.1066
-1.412492E-05
5.346581
970.7919
-1.412565E-05
4.635979
972.4771
-1.412636E-05
3.908632
974.1624
-1.412636E-05
3.908632
974.1624
-1.412705E-05
3.165043
975.8476
-1.412771E-05
2.405699
977.5328
-1.412836E-05
1.631072
979.2181
-1.412836E-05
1.631072
979.2181
-1.415599E-05
1.894215
980.5875
-1.416905E-05
1.946843
982.0984
-1.416362E-05
1.957369
983.698
-1.42007E-05
1.959474
985.3712
-1.42007E-05
1.959474
985.3712
-1.424142E-05
1.959895
987.0448
-1.427634E-05
1.959979
988.7186
-1.429051E-05
2.309916
990.4038
-1.429051E-05
2.309916
990.4038
-1.430426E-05
2.611293
992.0891
-1.43176E-05
2.865565
993.7743
-1.43176E-05
2.865565
993.7743
-1.433054E-05
3.074146
995.4595
-1.434308E-05
3.238407
997.1448
-1.435526E-05
3.359678
998.83
-1.436706E-05
3.439247
1000.515
-1.436706E-05
3.439247
1000.515
-1.437852E-05
3.478367
1002.201
-1.438963E-05
3.47825
1003.886
-1.44004E-05
3.440074
1005.571
-1.441085E-05
3.36498
1007.256
-1.441085E-05
3.36498
1007.256
-1.442099E-05
3.254077
1008.941
-1.443083E-05
3.108438
1010.627
-1.444037E-05
2.929105
1012.312
-1.444037E-05
2.929105
1012.312
-1.444962E-05
2.717089
1013.997
-1.44586E-05
2.473371
1015.682
-1.44673E-05
2.198901
1017.368
-1.447575E-05
1.894603
1019.053
-1.448059E-05
1.946921
1020.622
-1.448059E-05
1.946921
1020.622
-1.447128E-05
1.957384
1022.279
-1.447128E-05
1.957384
1022.279
-1.448937E-05
1.959477
1023.952
-1.447972E-05
1.959895
1025.626
-1.447776E-05
1.959979
1027.3
-1.447776E-05
1.959979
1027.3
-1.448344E-05
1.959996
1028.973
-1.448134E-05
1.959999
1030.647
-1.447929E-05
2.309937
1032.332
-1.44773E-05
2.611313
1034.018
-1.44773E-05
2.611313
1034.018
-1.447537E-05
2.865585
1035.703
-1.447349E-05
3.074166
1037.388
-1.447168E-05
3.238427
1039.073
-1.447168E-05
3.238427
1039.073
-1.446992E-05
3.359698
1040.758
-1.446821E-05
3.439267
1042.443
-1.446655E-05
3.478387
1044.129
-1.446494E-05
3.47827
1045.814
-1.446494E-05
3.47827
1045.814
-1.446338E-05
3.440094
1047.499
-1.446187E-05
3.365001
1049.184
-1.44604E-05
3.254097
1050.869
-1.445898E-05
3.108458
1052.555
-1.445898E-05
3.108458
1052.555
-1.44576E-05
2.929125
1054.24
-1.44576E-05
2.929125
1054.24
-1.445626E-05
2.717109
1055.925
-1.445496E-05
2.473391
1057.61
-1.44537E-05
2.198922
1059.295
-1.445248E-05
1.894624
1060.98
-1.447465E-05
1.946925
1062.55
-1.447465E-05
1.946925
1062.55
-1.4485E-05
1.957385
1064.206
-1.449598E-05
1.959477
1065.88
-1.450557E-05
1.959896
1067.553
-1.450557E-05
1.959896
1067.553
-1.451467E-05
2.309833
1069.239
-1.45235E-05
2.611209
1070.924
-1.453205E-05
2.865481
1072.609
-1.453205E-05
2.865481
1072.609
-1.454036E-05
3.074063
1074.294
-1.454841E-05
3.238324
1075.979
-1.455622E-05
3.359594
1077.664
-1.455622E-05
3.359594
1077.664
-1.45638E-05
3.439164
1079.35
-1.457115E-05
3.478283
1081.035
-1.457828E-05
3.478167
1082.72
-1.45852E-05
3.439991
1084.405
-1.45852E-05
3.439991
1084.405
-1.459191E-05
3.364897
1086.09
-1.459191E-05
3.364897
1086.09
-1.459841E-05
3.253994
1087.776
-1.460473E-05
3.108354
1089.461
-1.461085E-05
2.929021
1091.146
-1.461679E-05
2.717005
1092.831
-1.462255E-05
2.473287
1094.516
-1.462255E-05
2.473287
1094.516
-1.462814E-05
2.198818
1096.201
-1.463356E-05
1.89452
1097.887
-1.465546E-05
1.947704
1099.456
-1.465546E-05
1.947704
1099.456
-1.469529E-05
1.958341
1101.112
-1.472014E-05
1.960468
1102.785
-1.473101E-05
2.310405
1104.471
-1.473101E-05
2.310405
1104.471
-1.474154E-05
2.611782
1106.156
-1.475176E-05
2.866054
1107.841
-1.476168E-05
3.074635
1109.526
-1.476168E-05
3.074635
1109.526
-1.47713E-05
3.238896
1111.211
-1.478062E-05
3.360167
1112.896
-1.478967E-05
3.439736
1114.582
-1.478967E-05
3.439736
1114.582
-1.479845E-05
3.478856
1116.267
-1.480696E-05
3.478739
1117.952
-1.481522E-05
3.440563
1119.637
-1.481522E-05
3.440563
1119.637
-1.482323E-05
3.36547
1121.322
-1.4831E-05
3.254566
1123.008
-1.483854E-05
3.108927
1124.693
-1.484585E-05
2.929594
1126.378
-1.484585E-05
2.929594
1126.378
-1.485294E-05
2.717578
1128.063
-1.485982E-05
2.47386
1129.748
-1.485982E-05
2.47386
1129.748
-1.486649E-05
2.199391
1131.433
-1.487296E-05
1.895093
1133.119
-1.487775E-05
1.947819
1134.688
-1.488285E-05
1.958364
1136.344
-1.488285E-05
1.958364
1136.344
-1.488671E-05
1.960473
1138.018
-1.488201E-05
1.960895
1139.691
-1.488104E-05
1.960979
1141.365
-1.488104E-05
1.960979
1141.365
-1.488814E-05
1.960996
1143.039
-1.490723E-05
1.960999
1144.713
-1.492663E-05
1.961
1146.387
-1.492663E-05
1.961
1146.387
-1.49302E-05
1.961
1148.061
-1.495766E-05
1.961
1149.734
-1.495271E-05
1.961
1151.408
-1.495271E-05
1.961
1151.408
-1.494611E-05
1.961
1153.082
-1.494698E-05
1.961
1154.756
-1.494798E-05
1.961
1156.43
-1.494798E-05
1.961
1156.43
-1.495747E-05
1.961
1158.104
-1.495952E-05
1.961
1159.777
-1.495312E-05
1.961
1161.451
-1.495312E-05
1.961
1161.451
-1.499726E-05
1.961
1163.125
-1.503792E-05
1.961
1164.799
-1.505112E-05
2.310937
1166.484
-1.505112E-05
2.310937
1166.484
-1.506392E-05
2.612314
1168.169
-1.507634E-05
2.866586
1169.854
-1.508838E-05
3.075167
1171.54
-1.510006E-05
3.239428
1173.225
-1.510006E-05
3.239428
1173.225
-1.51114E-05
3.360699
1174.91
-1.512239E-05
3.440268
1176.595
-1.512239E-05
3.440268
1176.595
-1.513306E-05
3.479388
1178.28
-1.51434E-05
3.479271
1179.965
-1.515343E-05
3.441095
1181.651
-1.516316E-05
3.366001
1183.336
-1.517261E-05
3.255098
1185.021
-1.517261E-05
3.255098
1185.021
-1.518176E-05
3.109458
1186.706
-1.519064E-05
2.930125
1188.391
-1.519926E-05
2.71811
1190.077
-1.520762E-05
2.474391
1191.762
-1.521572E-05
2.199922
1193.447
-1.521572E-05
2.199922
1193.447
-1.522359E-05
1.895624
1195.132
-1.522649E-05
1.947925
1196.702
-1.522649E-05
1.947925
1196.702
-1.524027E-05
1.958385
1198.358
-1.524356E-05
2.308322
1200.043
-1.524675E-05
2.609699
1201.728
-1.524985E-05
2.863971
1203.414
-1.524985E-05
2.863971
1203.414
-1.525285E-05
3.072552
1205.099
-1.525576E-05
3.236813
1206.784
-1.525576E-05
3.236813
1206.784
-1.525859E-05
3.358084
1208.469
-1.526133E-05
3.437653
1210.154
-1.526399E-05
3.476773
1211.839
-1.526657E-05
3.476656
1213.525
-1.526907E-05
3.43848
1215.21
-1.526907E-05
3.43848
1215.21
-1.52715E-05
3.363387
1216.895
-1.527385E-05
3.252483
1218.58
-1.527613E-05
3.106844
1220.265
-1.531218E-05
3.547068
1221.666
-1.531218E-05
3.547068
1221.666
-1.53295E-05
3.813317
1223.214
-1.53295E-05
3.813317
1223.214
-1.536436E-05
4.051635
1224.84
-1.537562E-05
4.287111
1226.502
-1.537789E-05
4.521384
1228.166
-1.538667E-05
5.098215
1229.851
-1.538667E-05
5.098215
1229.851
-1.539518E-05
5.619678
1231.536
-1.540343E-05
6.087435
1233.221
-1.541144E-05
6.503096
1234.906
-1.541921E-05
6.868225
1236.592
-1.542674E-05
7.184337
1238.277
-1.542674E-05
7.184337
1238.277
-1.543405E-05
7.452902
1239.962
-1.544114E-05
7.675348
1241.647
-1.544801E-05
7.853058
1243.332
-1.544801E-05
7.853058
1243.332
-1.545468E-05
7.987373
1245.018
-1.546115E-05
8.079597
1246.703
-1.546742E-05
8.13099
1248.388
-1.546742E-05
8.13099
1248.388
-1.547351E-05
8.142779
1250.073
-1.547941E-05
8.116152
1251.758
-1.548514E-05
8.05226
1253.443
-1.548514E-05
8.05226
1253.443
-1.54907E-05
7.952223
1255.129
-1.549609E-05
7.817124
1256.814
-1.550131E-05
7.648015
1258.499
-1.550131E-05
7.648015
1258.499
-1.550638E-05
7.445917
1260.184
-1.55113E-05
7.211819
1261.869
-1.551607E-05
6.946681
1263.555
-1.55207E-05
6.651434
1265.24
-1.552519E-05
6.326982
1266.925
-1.552519E-05
6.326982
1266.925
-1.552954E-05
5.974201
1268.61
-1.552954E-05
5.974201
1268.61
-1.553377E-05
5.593941
1270.295
-1.553786E-05
5.187025
1271.98
-1.554184E-05
4.754254
1273.666
-1.554184E-05
4.754254
1273.666
-1.554569E-05
4.296403
1275.351
-1.554943E-05
3.814225
1277.036
-1.555306E-05
3.30845
1278.721
-1.555658E-05
2.779785
1280.406
-1.555658E-05
2.779785
1280.406
-1.555999E-05
2.228917
1282.092
-1.55633E-05
1.656512
1283.777
-1.55667E-05
1.899303
1285.211
-1.55667E-05
1.899303
1285.211
-1.56119E-05
1.947861
1286.78
-1.561094E-05
1.957572
1288.436
-1.561094E-05
1.957572
1288.436
-1.56256E-05
1.959514
1290.109
-1.565861E-05
1.959903
1291.782
-1.56507E-05
1.959981
1293.456
-1.568835E-05
1.959996
1295.13
-1.568835E-05
1.959996
1295.13
-1.571733E-05
1.959999
1296.804
-1.571692E-05
1.96
1298.478
-1.573442E-05
1.96
1300.152
-1.573442E-05
1.96
1300.152
-1.575346E-05
1.96
1301.825
-1.577154E-05
1.96
1303.499
-1.578684E-05
1.96
1305.173
-1.580124E-05
1.96
1306.847
-1.580124E-05
1.96
1306.847
-1.581485E-05
1.96
1308.521
-1.582851E-05
1.96
1310.195
-1.583937E-05
2.216379
1311.744
-1.585713E-05
2.452461
1313.369
-1.585713E-05
2.452461
1313.369
-1.587094E-05
2.687528
1315.031
-1.587094E-05
2.687528
1315.031
-1.588085E-05
2.921741
1316.695
-1.589817E-05
3.155715
1318.36
-1.593178E-05
3.389648
1320.024
-1.595015E-05
3.623578
1321.688
-1.595015E-05
3.623578
1321.688
-1.599327E-05
3.857498
1323.353
-1.606398E-05
4.091419
1325.017
-1.611381E-05
4.325342
1326.682
-1.615689E-05
4.559265
1328.346
-1.615689E-05
4.559265
1328.346
-1.616745E-05
4.793188
1330.011
-1.62018E-05
5.02711
1331.675
-1.624639E-05
5.261033
1333.339
-1.624639E-05
5.261033
1333.339
-1.626996E-05
5.837872
1335.025
-1.629283E-05
6.359343
1336.71
-1.631502E-05
6.827107
1338.395
-1.633654E-05
7.242775
1340.08
-1.633654E-05
7.242775
1340.08
-1.635741E-05
7.607911
1341.765
-1.637766E-05
7.92403
1343.451
-1.63973E-05
8.192602
1345.136
-1.641635E-05
8.415054
1346.821
-1.641635E-05
8.415054
1346.821
-1.643483E-05
8.592771
1348.506
-1.643483E-05
8.592771
1348.506
-1.645275E-05
8.727093
1350.191
-1.647014E-05
8.819322
1351.876
-1.6487E-05
8.870721
1353.562
-1.650336E-05
8.882516
1355.247
-1.650336E-05
8.882516
1355.247
-1.651923E-05
8.855894
1356.932
-1.653462E-05
8.792008
1358.617
-1.654955E-05
8.691977
1360.302
-1.656404E-05
8.556883
1361.988
-1.657809E-05
8.387779
1363.673
-1.657809E-05
8.387779
1363.673
-1.659171E-05
8.185685
1365.358
-1.659171E-05
8.185685
1365.358
-1.660493E-05
7.951591
1367.043
-1.661775E-05
7.686458
1368.728
-1.663019E-05
7.391215
1370.413
-1.663019E-05
7.391215
1370.413
-1.664225E-05
7.066767
1372.099
-1.665395E-05
6.71399
1373.784
-1.66653E-05
6.333733
1375.469
-1.667631E-05
5.926821
1377.154
-1.667631E-05
5.926821
1377.154
-1.668699E-05
5.494054
1378.839
-1.669735E-05
5.036207
1380.525
-1.67074E-05
4.554032
1382.21
-1.67074E-05
4.554032
1382.21
-1.671715E-05
4.04826
1383.895
-1.67266E-05
3.519598
1385.58
-1.67266E-05
3.519598
1385.58
-1.673578E-05
2.968734
1387.265
-1.674467E-05
2.396332
1388.95
-1.67533E-05
1.80304
1390.636
-1.677591E-05
1.928608
1392.099
-1.677591E-05
1.928608
1392.099
-1.681357E-05
1.953722
1393.67
-1.686093E-05
1.958745
1395.32
-1.691124E-05
1.959749
1396.994
-1.691124E-05
1.959749
1396.994
-1.69307E-05
1.95995
1398.668
-1.695857E-05
1.95999
1400.341
-1.698817E-05
1.959998
1402.015
-1.698817E-05
1.959998
1402.015
-1.701952E-05
1.96
1403.689
-1.705242E-05
1.96
1405.363
-1.708286E-05
1.96
1407.037
-1.708286E-05
1.96
1407.037
-1.710069E-05
1.96
1408.711
-1.711128E-05
1.96
1410.384
-1.712525E-05
2.335349
1411.88
-1.713936E-05
2.595247
1413.493
-1.715305E-05
2.83508
1415.153
-1.715305E-05
2.83508
1415.153
-1.716604E-05
3.070252
1416.817
-1.716604E-05
3.070252
1416.817
-1.718247E-05
3.304426
1418.481
-1.71929E-05
3.538388
1420.146
-1.721267E-05
3.772323
1421.81
-1.721267E-05
3.772323
1421.81
-1.721691E-05
4.006245
1423.474
-1.723552E-05
4.240168
1425.139
-1.726154E-05
4.474092
1426.803
-1.730368E-05
4.708014
1428.468
-1.730368E-05
4.708014
1428.468
-1.733034E-05
4.941936
1430.132
-1.737342E-05
5.175858
1431.797
-1.740151E-05
5.409781
1433.461
-1.740151E-05
5.409781
1433.461
-1.745524E-05
5.643703
1435.125
-1.750393E-05
5.877625
1436.79
-1.755493E-05
6.111549
1438.454
-1.759149E-05
6.345472
1440.119
-1.759149E-05
6.345472
1440.119
-1.764579E-05
6.579398
1441.783
-1.76686E-05
6.813342
1443.448
-1.769069E-05
7.390204
1445.133
-1.771213E-05
7.911699
1446.818
-1.771213E-05
7.911699
1446.818
-1.773292E-05
8.379485
1448.503
-1.773292E-05
8.379485
1448.503
-1.775309E-05
8.795176
1450.188
-1.777265E-05
9.160333
1451.873
-1.779163E-05
9.476472
1453.559
-1.781003E-05
9.745064
1455.244
-1.781003E-05
9.745064
1455.244
-1.782789E-05
9.967536
1456.929
-1.78452E-05
10.14527
1458.614
-1.7862E-05
10.27961
1460.299
-1.78783E-05
10.37186
1461.984
-1.78941E-05
10.42327
1463.67
-1.78941E-05
10.42327
1463.67
-1.790943E-05
10.43509
1465.355
-1.790943E-05
10.43509
1465.355
-1.792431E-05
10.40848
1467.04
-1.793873E-05
10.34461
1468.725
-1.795273E-05
10.24459
1470.41
-1.795273E-05
10.24459
1470.41
-1.79663E-05
10.10951
1472.096
-1.797947E-05
9.940425
1473.781
-1.799224E-05
9.738345
1475.466
-1.800462E-05
9.504265
1477.151
-1.800462E-05
9.504265
1477.151
-1.801664E-05
9.239144
1478.836
-1.80283E-05
8.943914
1480.521
-1.80283E-05
8.943914
1480.521
-1.80396E-05
8.619478
1482.207
-1.805057E-05
8.266713
1483.892
-1.806121E-05
7.886468
1485.577
-1.807153E-05
7.479567
1487.262
-1.807153E-05
7.479567
1487.262
-1.808154E-05
7.046811
1488.947
-1.809125E-05
6.588974
1490.633
-1.810066E-05
6.10681
1492.318
-1.81098E-05
5.601048
1494.003
-1.81098E-05
5.601048
1494.003
-1.811866E-05
5.072395
1495.688
-1.812725E-05
4.52154
1497.373
-1.813559E-05
3.949147
1499.058
-1.813559E-05
3.949147
1499.058
-1.814368E-05
3.355864
1500.744
-1.815152E-05
2.742316
1502.429
-1.815913E-05
2.109111
1504.114
-1.816651E-05
1.45684
1505.799
-1.816651E-05
1.45684
1505.799
-1.817231E-05
1.859368
1507.162
-1.817707E-05
1.939874
1508.7
-1.821782E-05
1.955975
1510.331
-1.821782E-05
1.955975
1510.331
-1.821703E-05
1.959195
1512.004
-1.82233E-05
1.959839
1513.677
-1.826397E-05
1.959968
1515.351
-1.82738E-05
1.959994
1517.025
-1.82738E-05
1.959994
1517.025
-1.832601E-05
1.959999
1518.699
-1.832601E-05
1.959999
1518.699
-1.833897E-05
1.96
1520.373
-1.835934E-05
1.96
1522.046
-1.83763E-05
1.96
1523.72
-1.838432E-05
1.96
1525.394
-1.838432E-05
1.96
1525.394
-1.839552E-05
1.96
1527.068
-1.840747E-05
1.96
1528.742
-1.84184E-05
1.96
1530.416
-1.842912E-05
1.96
1532.089
-1.843912E-05
1.96
1533.763
-1.843912E-05
1.96
1533.763
-1.844868E-05
1.96
1535.437
-1.845799E-05
1.96
1537.111
-1.846866E-05
1.96
1538.785
-1.846866E-05
1.96
1538.785
-1.847648E-05
1.96
1540.458
-1.848803E-05
1.96
1542.132
-1.849545E-05
1.96
1543.806
-1.849545E-05
1.96
1543.806
-1.850672E-05
1.96
1545.48
-1.852635E-05
1.96
1547.154
-1.855023E-05
1.96
1548.828
-1.855023E-05
1.96
1548.828
-1.856554E-05
1.96
1550.501
-1.855528E-05
1.96
1552.175
-1.855149E-05
1.96
1553.849
-1.855542E-05
1.96
1555.523
-1.855542E-05
1.96
1555.523
-1.855943E-05
1.96
1557.197
-1.858011E-05
1.96
1558.871
-1.86022E-05
1.96
1560.544
-1.86022E-05
1.96
1560.544
-1.863386E-05
1.96
1562.218
-1.867607E-05
1.96
1563.892
-1.867809E-05
1.96
1565.566
-1.869523E-05
1.96
1567.24
-1.869523E-05
1.96
1567.24
-1.871398E-05
1.960794
1568.913
-1.873657E-05
1.960946
1570.587
-1.873557E-05
1.960983
1572.261
-1.871046E-05
1.960984
1573.935
-1.871046E-05
1.960984
1573.935
-1.86776E-05
1.96099
1575.609
-1.86776E-05
1.96099
1575.609
-1.863731E-05
1.960992
1577.282
-1.858938E-05
1.960992
1578.956
-1.852278E-05
1.960992
1580.63
-1.843603E-05
1.960995
1582.304
-1.843603E-05
1.960995
1582.304
-1.833449E-05
1.960999
1583.978
-1.821626E-05
1.960997
1585.651
-1.808856E-05
1.960996
1587.325
-1.808856E-05
1.960996
1587.325
-1.796471E-05
1.960999
1588.999
-1.782983E-05
1.960998
1590.673
-1.782983E-05
1.960998
1590.673
-1.767833E-05
1.961
1592.347
-1.75172E-05
1.961
1594.021
-1.734904E-05
1.961
1595.694
-1.716554E-05
1.961
1597.368
-1.716554E-05
1.961
1597.368
-1.696658E-05
1.961001
1599.042
-1.679821E-05
1.961
1600.716
-1.659771E-05
1.961
1602.39
-1.659771E-05
1.961
1602.39
-1.638803E-05
1.961002
1604.064
-1.618519E-05
1.961002
1605.737
-1.597561E-05
1.961004
1607.411
-1.577228E-05
1.961004
1609.085
-1.577228E-05
1.961004
1609.085
-1.554437E-05
1.961004
1610.759
-1.554437E-05
1.961004
1610.759
-1.529578E-05
1.961004
1612.433
-1.506425E-05
1.961007
1614.107
-1.483418E-05
1.961002
1615.78
-1.454452E-05
1.961
1617.454
-1.425997E-05
1.961
1619.128
-1.425997E-05
1.961
1619.128
0.004368262
1.961007
1620.802
0.01734937
1.961008
1622.476
0.04298633
1.961002
1624.15
0.04298633
1.961002
1624.15
0.08962579
1.961007
1625.823
0.162099
1.960968
1627.497
0.2607872
1.960167
1629.171
0.2607872
1.960167
1629.171
0.3921623
1.96
1630.845
0.5606533
1.959973
1632.519
0.7692958
1.959968
1634.193
0.7692958
1.959968
1634.193
1.025409
1.959979
1635.867
1.331666
1.959975
1637.541
1.690655
1.959974
1639.215
1.690655
1.959974
1639.215
2.109279
1.959976
1640.889
2.58981
1.95998
1642.564
3.134565
1.95998
1644.238
3.134565
1.95998
1644.238
3.748229
1.959985
1645.913
4.433528
1.959986
1647.588
5.187995
1.959987
1649.263
5.187995
1.959987
1649.263
6.009273
1.959991
1650.939
6.895099
1.959994
1652.614
7.8433
1.959997
1654.29
8.851787
1.96
1655.965
8.851787
1.96
1655.965
9.910405
1.960003
1657.641
10.96937
1.960007
1659.317
12.02841
1.960011
1660.993
12.02841
1.960011
1660.993
13.08746
1.960014
1662.668
14.14652
1.960021
1664.344
15.20557
1.960023
1666.019
15.20557
1.960023
1666.019
16.26463
1.960027
1667.695
17.31927
1.960032
1669.37
18.36948
1.960033
1671.046
19.41525
1.960029
1672.721
20.45655
1.960035
1674.397
20.45655
1.960035
1674.397
21.49085
1.960042
1676.072
21.49085
1.960042
1676.072
22.51756
1.960044
1677.748
23.53857
1.960046
1679.423
24.55502
1.960803
1681.098
24.55502
1.960803
1681.098
25.5627
1.960948
1682.774
26.56594
1.960985
1684.449
27.56473
1.960997
1686.125
28.55793
1.960997
1687.8
28.55793
1.960997
1687.8
29.53691
1.961004
1689.475
30.4976
1.960996
1691.151
30.4976
1.960996
1691.151
31.43375
1.961002
1692.826
32.34056
1.960998
1694.501
33.21718
1.961002
1696.176
34.06265
1.961002
1697.851
34.06265
1.961002
1697.851
34.87806
1.960999
1699.525
35.66445
1.960997
1701.2
36.42283
1.960996
1702.875
36.42283
1.960996
1702.875
37.15417
1.961001
1704.55
37.85942
1.961
1706.224
38.53949
1.961
1707.899
39.19527
1.961001
1709.573
39.19527
1.961001
1709.573
39.82761
1.961002
1711.248
39.82761
1.961002
1711.248
40.43732
1.961
1712.922
41.02522
1.961003
1714.596
41.59206
1.961
1716.271
42.13859
1.961005
1717.945
42.66554
1.961001
1719.619
42.66554
1.961001
1719.619
43.17359
1.961006
1721.293
43.66341
1.961004
1722.968
44.13566
1.960994
1724.642
44.59095
1.961004
1726.316
44.59095
1.961004
1726.316
45.0299
1.961011
1727.99
45.0299
1.961011
1727.99
45.45307
1.961009
1729.664
45.86104
1.96101
1731.338
46.25435
1.961011
1733.012
46.63351
1.961004
1734.686
46.63351
1.961004
1734.686
46.99905
1.960966
1736.36
47.35148
1.960165
1738.035
47.6912
1.960005
1739.708
47.6912
1.960005
1739.708
48.01868
1.95998
1741.382
48.33438
1.959967
1743.056
48.63872
1.959965
1744.73
48.63872
1.959965
1744.73
48.92294
1.959965
1746.404
49.18256
1.959977
1748.078
49.4141
1.959973
1749.752
49.61419
1.959979
1751.426
49.61419
1.959979
1751.426
49.77705
1.959978
1753.1
49.77705
1.959978
1753.1
49.89653
1.959981
1754.773
49.9686
1.959985
1756.447
49.9906
1.959988
1758.121
49.95997
1.959984
1759.795
49.87421
1.959989
1761.469
49.87421
1.959989
1761.469
49.72658
1.959989
1763.143
49.51492
1.95999
1764.817
49.23716
1.959991
1766.491
48.89127
1.959992
1768.165
48.89127
1.959992
1768.165
48.4727
1.959995
1769.839
48.4727
1.959995
1769.839
47.97639
1.959996
1771.514
47.40441
1.959993
1773.188
46.75937
1.959998
1774.863
46.04379
1.960004
1776.538
46.04379
1.960004
1776.538
45.26008
1.960004
1778.214
44.41055
1.960007
1779.889
43.49743
1.960003
1781.565
42.52724
1.960008
1783.24
41.50632
1.96001
1784.916
41.50632
1.96001
1784.916
40.464
1.960009
1786.592
39.42714
1.96002
1788.267
39.42714
1.96002
1788.267
38.39911
1.960013
1789.943
37.37553
1.960021
1791.618
36.35639
1.960029
1793.293
35.3417
1.960022
1794.969
35.3417
1.960022
1794.969
34.33603
1.960797
1796.644
33.33468
1.960953
1798.319
32.33792
1.960984
1799.995
32.33792
1.960984
1799.995
31.35175
1.960984
1801.67
30.38145
1.960997
1803.345
29.43088
1.960994
1805.021
28.50375
1.960992
1806.696
28.50375
1.960992
1806.696
27.60806
1.961
1808.371
26.74418
1.961001
1810.046
25.91541
1.960997
1811.72
25.12493
1.960998
1813.395
25.12493
1.960998
1813.395
24.38024
1.960995
1815.07
23.68537
1.961001
1816.744
23.03981
1.960998
1818.418
23.03981
1.960998
1818.418
22.44932
1.960999
1820.093
21.91755
1.961
1821.767
21.91755
1.961
1821.767
21.45117
1.960999
1823.441
21.0522
1.961002
1825.115
20.72259
1.961002
1826.788
20.46422
1.961002
1828.462
20.46422
1.961002
1828.462
20.28325
1.961002
1830.136
20.18125
1.961001
1831.81
20.18125
1.961001
1831.81
20.16227
1.961
1833.484
20.22889
1.961
1835.157
20.37985
1.961003
1836.831
20.37985
1.961003
1836.831
20.61865
1.961004
1838.505
20.94215
1.961004
1840.18
21.34736
1.961003
1841.854
21.83142
1.961
1843.528
21.83142
1.961
1843.528
22.39157
1.961013
1845.203
23.02518
1.961009
1846.878
23.72972
1.961002
1848.553
24.50277
1.961007
1850.228
24.50277
1.961007
1850.228
25.342
1.961008
1851.903
26.23954
1.961008
1853.579
27.19002
1.961002
1855.254
27.19002
1.961002
1855.254
28.18183
1.961
1856.93
29.20933
1.9602
1858.606
29.20933
1.9602
1858.606
30.23727
1.96004
1860.281
31.25969
1.960008
1861.957
32.2244
1.960002
1863.632
33.14931
1.960001
1865.307
33.14931
1.960001
1865.307
34.02697
1.96
1866.982
34.85464
1.96
1868.657
35.62965
1.96
1870.331
36.34945
1.96
1872.006
37.01161
1.96
1873.68
37.01161
1.96
1873.68
37.61124
1.96
1875.354
37.61124
1.96
1875.354
38.14313
1.96
1877.028
38.6041
1.96
1878.702
38.99233
1.96
1880.376
38.99233
1.96
1880.376
39.3017
1.96
1882.05
39.53068
1.96
1883.724
39.67783
1.96
1885.397
39.75051
1.96
1887.071
39.75051
1.96
1887.071
39.76017
1.96
1888.745
39.71353
1.96
1890.419
39.71353
1.96
1890.419
39.6197
1.96
1892.093
39.48597
1.96
1893.766
39.31815
1.96
1895.44
39.12182
1.96
1897.114
38.90239
1.96
1898.788
38.90239
1.96
1898.788
38.66944
1.96
1900.462
38.42781
1.96
1902.136
38.1822
1.96
1903.81
38.1822
1.96
1903.81
37.94151
1.96
1905.484
37.7095
1.96
1907.158
37.7095
1.96
1907.158
37.48586
1.96
1908.832
37.27028
1.96
1910.506
37.06246
1.96
1912.179
36.86213
1.96
1913.853
36.86213
1.96
1913.853
36.66903
1.96
1915.527
36.48288
1.96
1917.201
36.30344
1.96
1918.875
36.13047
1.96
1920.549
36.13047
1.96
1920.549
35.96374
1.96
1922.222
35.80302
1.96
1923.896
35.64809
1.96
1925.57
35.64809
1.96
1925.57
35.49875
1.96
1927.244
35.49875
1.96
1927.244
35.3548
1.96
1928.918
35.21603
1.96
1930.592
35.08227
1.96
1932.265
34.95333
1.96
1933.939
34.82904
1.96
1935.613
34.82904
1.96
1935.613
34.70923
1.96
1937.287
34.59374
1.96
1938.961
34.48242
1.96
1940.635
34.37511
1.96
1942.308
34.37511
1.96
1942.308
34.27168
1.96
1943.982
34.27168
1.96
1943.982
34.17197
1.96
1945.656
34.07586
1.96
1947.33
33.98322
1.96
1949.004
33.89391
1.96
1950.677
33.89391
1.96
1950.677
33.80783
1.96
1952.351
33.72485
1.96
1954.025
33.64487
1.96
1955.699
33.56777
1.96
1957.373
33.49345
1.96
1959.047
33.49345
1.96
1959.047
33.42182
1.96
1960.72
33.42182
1.96
1960.72
33.35276
1.96
1962.394
33.2862
1.96
1964.068
33.22204
1.96
1965.742
33.22204
1.96
1965.742
33.16019
1.96
1967.416
33.10057
1.96
1969.09
33.04311
1.96
1970.763
32.98772
1.96
1972.437
32.98772
1.96
1972.437
32.93432
1.96
1974.111
32.88285
1.96
1975.785
32.83324
1.96
1977.459
32.83324
1.96
1977.459
32.78542
1.96
1979.133
32.73932
1.96
1980.806
32.73932
1.96
1980.806
32.69489
1.96
1982.48
32.65205
1.96
1984.154
32.61077
1.96
1985.828
32.57097
1.96
1987.502
32.57097
1.96
1987.502
32.53261
1.96
1989.176
32.49563
1.96
1990.849
32.45998
1.96
1992.523
32.45998
1.96
1992.523
32.42562
1.96
1994.197
32.39251
1.96
1995.871
32.36058
1.96
1997.545
32.32981
1.96
1999.219
32.32981
1.96
1999.219
32.30014
1.96
2000.892
32.27155
1.96
2002.566
32.24399
1.96
2004.24
32.21743
1.96
2005.914
32.21743
1.96
2005.914
32.19182
1.96
2007.588
32.16713
1.96
2009.261
32.14334
1.96
2010.935
32.14334
1.96
2010.935
32.1204
1.96
2012.609
32.09829
1.96
2014.283
32.07698
1.96
2015.957
32.07698
1.96
2015.957
32.05643
1.96
2017.631
32.03663
1.96
2019.304
32.01754
1.96
2020.978
31.99915
1.96
2022.652
31.99915
1.96
2022.652
31.98141
1.96
2024.326
31.96432
1.96
2026
31.96432
1.96
2026
31.94784
1.96
2027.674
31.93195
1.96
2029.347
31.91664
1.96
2031.021
31.91664
1.96
2031.021
31.90188
1.96
2032.695
31.88766
1.96
2034.369
31.87394
1.96
2036.043
31.86073
1.96
2037.717
31.86073
1.96
2037.717
31.84798
1.96
2039.39
31.8357
1.96
2041.064
31.82386
1.96
2042.738
31.81245
1.96
2044.412
31.81245
1.96
2044.412
31.80145
1.96
2046.086
31.80145
1.96
2046.086
31.79085
1.96
2047.76
31.78063
1.96
2049.433
31.77078
1.96
2051.107
31.76128
1.96
2052.781
31.75213
1.96
2054.455
31.75213
1.96
2054.455
31.7433
1.96
2056.129
31.7348
1.96
2057.802
31.7266
1.96
2059.476
31.7187
1.96
2061.15
31.7187
1.96
2061.15
31.71108
1.96
2062.824
31.71108
1.96
2062.824
31.70374
1.96
2064.498
31.69666
1.96
2066.172
31.68984
1.96
2067.845
31.68326
1.96
2069.519
31.68326
1.96
2069.519
31.67692
1.96
2071.193
31.67081
1.96
2072.867
31.66492
1.96
2074.541
31.66492
1.96
2074.541
31.65924
1.96
2076.215
31.65377
1.96
2077.888
31.64849
1.96
2079.562
31.64341
1.96
2081.236
31.64341
1.96
2081.236
31.63851
1.96
2082.91
31.63378
1.96
2084.584
31.63378
1.96
2084.584
31.62923
1.96
2086.258
31.62484
1.96
2087.931
31.6206
1.96
2089.605
31.61652
1.96
2091.279
31.61259
1.96
2092.953
31.6088
1.96
2094.627
31.6088
1.96
2094.627
31.60515
1.96
2096.301
31.60163
1.96
2097.974
31.59823
1.96
2099.648
31.59823
1.96
2099.648
31.59496
1.96
2101.322
31.5918
1.96
2102.996
31.58876
1.96
2104.67
31.58583
1.96
2106.344
31.58583
1.96
2106.344
31.58301
1.96
2108.017
31.58028
1.96
2109.691
31.57766
1.96
2111.365
31.57766
1.96
2111.365
31.57513
1.96
2113.039
31.57269
1.96
2114.713
31.57034
1.96
2116.386
31.56807
1.96
2118.06
31.56807
1.96
2118.06
31.56589
1.96
2119.734
31.56378
1.96
2121.408
31.56175
1.96
2123.082
31.56175
1.96
2123.082
31.5598
1.96
2124.756
31.55791
1.96
2126.429
31.55609
1.96
2128.103
31.55609
1.96
2128.103
31.55434
1.96
2129.777
31.55265
1.96
2131.451
31.55102
1.96
2133.125
31.55102
1.96
2133.125
31.54945
1.96
2134.799
31.54794
1.96
2136.472
31.54648
1.96
2138.146
31.54648
1.96
2138.146
31.54507
1.96
2139.82
31.54372
1.96
2141.494
31.54241
1.96
2143.168
31.54241
1.96
2143.168
31.54115
1.96
2144.842
31.53994
1.96
2146.515
31.53877
1.96
2148.189
31.53877
1.96
2148.189
31.53765
1.96
2149.863
31.53656
1.96
2151.537
31.53551
1.96
2153.211
31.5345
1.96
2154.885
31.5345
1.96
2154.885
31.53353
1.96
2156.558
31.53353
1.96
2156.558
31.53259
1.96
2158.232
31.53169
1.96
2159.906
31.53082
1.96
2161.58
31.52997
1.96
2163.254
31.52916
1.96
2164.927
31.52916
1.96
2164.927
31.52838
1.96
2166.601
31.52763
1.96
2168.275
31.52691
1.96
2169.949
31.52623
2.134633
2171.544
31.52623
2.134633
2171.544
31.52557
2.265964
2173.224
31.52494
2.355292
2174.909
31.52432
2.403878
2176.594
31.52432
2.403878
2176.594
31.52372
2.412943
2178.28
31.52314
2.383674
2179.965
31.52258
2.31722
2181.65
31.52258
2.31722
2181.65
31.52204
2.214696
2183.336
31.52151
2.077186
2185.021
31.52099
1.905738
2186.706
31.52099
1.905738
2186.706
31.52051
1.949148
2188.317
31.52005
1.95783
2189.988
31.5196
1.959566
2191.662
31.5196
1.959566
2191.662
31.51917
1.959913
2193.335
31.51875
1.959983
2195.009
31.51835
1.959997
2196.683
31.51835
1.959997
2196.683
31.51796
1.959999
2198.357
31.51759
1.96
2200.031
31.51723
1.96
2201.704
31.51688
1.96
2203.378
31.51654
1.96
2205.052
31.51654
1.96
2205.052
31.51622
1.96
2206.726
31.51591
1.96
2208.4
31.51561
1.96
2210.073
31.51561
1.96
2210.073
31.51532
1.96
2211.747
31.51505
1.96
2213.421
31.51478
1.96
2215.095
31.51478
1.96
2215.095
31.51452
1.96
2216.769
31.51427
1.96
2218.443
31.51427
1.96
2218.443
31.51403
1.96
2220.116
31.51379
1.96
2221.79
31.51357
1.96
2223.464
31.51336
1.96
2225.138
31.51336
1.96
2225.138
31.51315
1.96
2226.812
31.51295
1.96
2228.486
31.51275
1.96
2230.159
31.51275
1.96
2230.159
31.51257
1.96
2231.833
31.51239
1.96
2233.507
31.51222
1.96
2235.181
31.51205
1.96
2236.855
31.51205
1.96
2236.855
31.51189
1.96
2238.529
31.51189
1.96
2238.529
31.51174
1.96
2240.202
31.51159
1.96
2241.876
31.51144
1.96
2243.55
31.5113
1.96
2245.224
31.5113
1.96
2245.224
31.51117
1.96
2246.898
31.51104
1.96
2248.572
31.51092
1.96
2250.245
31.5108
1.96
2251.919
31.51068
1.96
2253.593
31.51068
1.96
2253.593
31.51057
1.96
2255.267
31.51057
1.96
2255.267
31.51047
1.96
2256.941
31.51036
1.96
2258.615
31.51026
1.96
2260.288
31.51026
1.96
2260.288
31.51017
1.96
2261.962
31.51007
1.96
2263.636
31.50998
1.96
2265.31
31.5099
1.96
2266.984
31.5099
1.96
2266.984
31.50982
1.96
2268.657
31.50974
1.96
2270.331
31.50966
1.96
2272.005
31.50966
1.96
2272.005
31.50959
1.96
2273.679
31.50951
1.96
2275.353
31.50945
1.96
2277.027
31.50945
1.96
2277.027
31.50938
1.96
2278.7
31.50931
1.96
2280.374
31.50925
1.96
2282.048
31.50925
1.96
2282.048
31.50919
1.96
2283.722
31.50914
1.96
2285.396
31.50908
1.96
2287.07
31.50908
1.96
2287.07
31.50903
1.96
2288.743
31.50898
1.96
2290.417
31.50893
1.921937
2292.103
31.50893
1.921937
2292.103
31.50888
1.846954
2293.788
31.50883
3.288157
2295.473
31.50879
4.648061
2297.158
31.50879
4.648061
2297.158
31.50874
5.929105
2298.844
31.5087
7.133655
2300.529
31.50866
8.264006
2302.214
31.50862
9.322383
2303.9
31.50862
9.322383
2303.9
31.50858
10.31095
2305.585
31.50858
10.31095
2305.585
31.50854
11.23179
2307.27
31.5085
12.08695
2308.956
31.50847
12.87838
2310.641
31.50843
13.60802
2312.326
31.50843
13.60802
2312.326
31.5084
14.2777
2314.011
31.50837
14.88923
2315.697
31.50834
15.44434
2317.382
31.5083
15.94475
2319.067
31.5083
15.94475
2319.067
31.50827
16.39207
2320.753
31.50825
16.78792
2322.438
31.50822
17.13383
2324.123
31.50822
17.13383
2324.123
31.50819
17.43129
2325.809
31.50816
17.68177
2327.494
31.50814
17.88667
2329.179
31.50814
17.88667
2329.179
31.50811
18.04737
2330.865
31.50809
18.16518
2332.55
31.50807
18.24139
2334.235
31.50807
18.24139
2334.235
31.50804
18.27725
2335.92
31.50802
18.27398
2337.606
31.508
18.23274
2339.291
31.508
18.23274
2339.291
31.50798
18.15467
2340.976
31.50796
18.04088
2342.662
31.50794
17.89245
2344.347
31.50792
17.7104
2346.032
31.50792
17.7104
2346.032
31.5079
17.49576
2347.718
31.50789
17.24949
2349.403
31.50787
16.97254
2351.088
31.50785
16.66584
2352.773
31.50785
16.66584
2352.773
31.50784
16.33028
2354.459
31.50782
15.96672
2356.144
31.50781
15.57601
2357.829
31.50781
15.57601
2357.829
31.50779
15.15895
2359.515
31.50778
14.71635
2361.2
31.50778
14.71635
2361.2
31.50776
14.24895
2362.885
31.50775
13.75752
2364.571
31.50774
13.24277
2366.256
31.50772
12.7054
2367.941
31.50772
12.7054
2367.941
31.50771
12.14609
2369.626
31.5077
11.56549
2371.312
31.50769
10.96425
2372.997
31.50769
10.96425
2372.997
31.50768
10.34298
2374.682
31.50767
9.702288
2376.368
31.50766
9.042753
2378.053
31.50766
9.042753
2378.053
31.50765
8.364943
2379.738
31.50764
7.669403
2381.424
31.50764
7.669403
2381.424
0
0
0
0
0
0
0
0
0
0
0
0
0
0
0
0
0
0
0
0
0
0
0
0
0
0
0
0
0
0
0
0
0
0
0
0
0
0
0
0
0
0
0
0
0
0
0
0
0
0
0
0
0
0
0
0
0
0
0
0
0
0
0
0
0
0
0
0
0
0
0
0
0
0
0
0
0
0
0
0
0
0
0
0
0
0
0
0
0
0
0
0
0
0
0
0
0
0
0
0
0
0
0
0
0
0
0
0
0
0
0
0
0
0
0
0
0
0
0
0
0
0
0
0
0
0
0
0
0
0
0
0
0
0
0
0
0
0
0
0
0
0
0
0
0
0
0
0
0
0
0
0
0
0
0
0
0
0
0
0
0
0
0
0
0
0
0
0
0
0
0
0
0
0
0
0
0
0
0
0
0
0
0
0
0
0
0
0
0
0
0
0
0
0
0
0
0
0
0
0
0
0
0
0
0
0
0
0
0
0
0
0
0
0
0
0
0
0
0
0
0
0
0
0
0
0
0
0
0
0
0
0
0
0
0
0
0
0
0
0
0
0
0
0
0
0
0
0
0
0
0
0
0
0
0
0
0
0
0
0
0
0
0
0
0
0
0
0
0
0
0
0
0
0
0
0
0
0
0
0
0
0
0
0
0
0
0
0
0
0
0
0
0
0
0
0
0
0
0
0
0
0
0
0
0
0
0
0
0
0
0
0
0
0
0
0
0
0
0
0
0
0
0
0
0
0
0
0
0
0
0
0
0
0
0
0
0
0
0
0
0
0
0
0
0
0
0
0
0
0
0
0
0
0
0
0
0
0
0
0
0
0
0
0
0
0
0
0
0
0
0
0
0
0
0
0
0
0
0
0
0
0
0
0
0
0
0
0
0
0
0
0
0
0
0
0
0
0
0
0
0
0
0
0
0
0
0
0
0
0
0
0
0
0
0
0
0
0
0
0
0
0
0
0
0
0
0
0
0
0
0
0
0
0
0
0
0
0
0
0
0
0
0
0
0
0
0
0
0
0
0
0
0
0
0
0
0
0
0
0
0
0
0
0
0
0
0
0
0
0
0
0
0
0
0
0
0
0
0
0
0
0
0
0
0
0
0
0
0
0
0
0
0
0
0
0
0
0
0
0
0
0
0
0
0
0
0
0
0
0
0
0
0
0
0
0
0
0
0
0
0
0
0
0
0
0
0
0
0
0
0
0
0
0
0
0
0
0
0
0
0
0
0
0
0
0
0
0
0
0
0
0
0
0
0
0
0
0
0
0
0
0
0
0
0
0
0
0
0
0
0
0
0
0
0
0
0
0
0
0
0
0
0
0
0
0
0
0
0
0
0
0
0
0
0
0
0
0
0
0
0
0
0
0
0
0
0
0
0
0
0
0
0
0
0
0
0
0
0
0
0
0
0
0
0
0
0
0
0
0
0
0
0
0
0
0
0
0
0
0
0
0
0
0
0
0
0
0
0
0
0
0
0
0
0
0
0
0
0
0
0
0
0
0
0
0
0
0
0
0
0
0
0
0
0
0
0
0
0
0
0
0
0
0
0
0
0
0
0
0
0
0
0
0
0
0
0
0
0
0
0
0
0
0
0
0
0
0
0
0
0
0
0
0
0
0
0
0
0
0
0
0
0
0
0
0
0
0
0
0
0
0
0
0
0
0
0
0
0
0
0
0
0
0
0
0
0
0
0
0
0
0
0
0
0
0
0
0
0
0
0
0
0
0
0
0
0
0
0
0
0
0
0
0
0
0
0
0
0
0
0
0
0
0
0
0
0
0
0
0
0
0
0
0
0
0
0
0
0
0
0
0
0
0
0
0
0
0
0
0
0
0
0
0
0
0
0
0
0
0
0
0
0
0
0
0
0
0
0
0
0
0
0
0
0
0
0
0
0
0
0
0
0
0
0
0
0
0
0
0
0
0
0
0
0
0
0
0
0
0
0
0
0
0
0
0
0
0
0
0
0
0
0
0
0
0
0
0
0
0
0
0
0
0
0
0
0
0
0
0
0
0
0
0
0
0
0
0
0
0
0
0
0
0
0
0
0
0
0
0
0
0
0
0
0
0
0
0
0
0
0
0
0
0
0
0
0
0
0
0
0
0
0
0
0
0
0
0
0
0
0
0
0
0
0
0
0
0
0
0
0
0
0
0
0
0
0
0
0
0
0
0
0
0
0
0
0
0
0
0
0
0
0
0
0
0
0
0
0
0
0
0
0
0
0
0
0
0
0
0
0
0
0
0
0
0
0
0
0
0
0
0
0
0
0
0
0
0
0
0
0
0
0
0
0
0
0
0
0
0
0
0
0
0
0
0
0
0
0
0
0
0
0
0
0
0
0
0
0
0
0
0
0
0
0
0
0
0
0
0
0
0
0
0
0
0
0
0
0
0
0
0
0
0
0
0
0
0
0
0
0
0
0
0
0
0
0
0
0
0
0
0
0
0
0
0
0
0
0
0
0
0
0
0
0
0
0
0
0
0
0
0
0
0
0
0
0
0
0
0
0
0
0
0
0
0
0
0
0
0
0
0
0
0
0
0
0
0
0
0
0
0
0
0
0
0
0
0
0
0
0
0
0
0
0
0
0
0
0
0
0
0
0
0
0
0
0
0
0
0
0
0
0
0
0
0
0
0
0
0
0
0
0
0
0
0
0
0
0
0
0
0
0
0
0
0
0
0
0
0
0
0
0
0
0
0
0
0
0
0
0
0
0
0
0
0
0
0
0
0
0
0
0
0
0
0
0
0
0
0
0
0
0
0
0
0
0
0
0
0
0
0
0
0
0
0
0
0
0
0
0
0
0
0
0
0
0
0
0
0
0
0
0
0
0
0
0
0
0
0
0
0
0
0
0
0
0
0
0
0
0
0
0
0
0
0
0
0
0
0
0
0
0
0
0
0
0
0
0
0
0
0
0
0
0
0
0
0
0
0
0
0
0
0
0
0
0
0
0
0
0
0
0
0
0
0
0
0
0
0
0
0
0
0
0
0
0
0
0
0
0
0
0
0
0
0
0
0
0
0
0
0
0
0
0
0
0
0
0
0
0
0
0
0
0
0
0
0
0
0
0
0
0
0
0
0
0
0
0
0
0
0
0
0
0
0
0
0
0
0
0
0
0
0
0
0
0
0
0
0
0
0
0
0
0
0
0
0
0
0
0
0
0
0
0
0
0
0
0
0
0
0
0
0
0
0
0
0
0
0
0
0
0
0
0
0
0
0
0
0
0
0
0
0
0
0
0
0
0
0
0
0
0
0
0
0
0
0
0
0
0
0
0
0
0
0
0
0
0
0
0
0
0
0
0
0
0
0
0
0
0
0
0
0
0
0
0
0
0
0
0
0
0
0
0
0
0
0
0
0
0
0
0
0
0
0
0
0
0
0
0
0
0
0
0
0
0
0
0
0
0
0
0
0
0
0
0
0
0
0
0
0
0
0
0
0
0
0
0
0
0
0
0
0
0
0
0
0
0
0
0
0
0
0
0
0
0
0
0
0
0
0
0
0
0
0
0
0
0
0
0
0
0
0
0
0
0
0
0
0
0
0
0
0
0
0
0
0
0
0
0
0
0
0
0
0
0
0
0
0
0
0
0
0
0
0
0
0
0
0
0
0
0
0
0
0
0
0
0
0
0
0
0
0
0
0
0
0
0
0
0
0
0
0
0
0
0
0
0
0
0
0
0
0
0
0
0
0
0
0
0
0
0
0
0
0
0
0
0
0
0
0
0
0
0
0
0
0
0
0
0
0
0
0
0
0
0
0
0
0
0
0
0
0
0
0
0
0
0
0
0
0
0
0
0
0
0
0
0
0
0
0
0
0
0
0
0
0
0
0
0
0
0
0
0
0
0
0
0
0
0
0
0
0
0
0
0
0
0
0
0
0
0
0
0
0
0
0
0
0
0
0
0
0
0
0
0
0
0
0
0
0
0
0
0
0
0
0
0
0
0
0
0
0
0
0
0
0
0
0
0
0
0
0
0
0
0
0
0
0
0
0
0
0
0
0
0
0
0
0
0
0
0
0
0
0
0
0
0
0
0
0
0
0
0
0
0
0
0
0
0
0
0
0
0
0
0
0
0
0
0
0
0
0
0
0
0
0
0
0
0
0
0
0
0
0
0
0
0
0
0
0
0
0
0
0
0
0
0
0
0
0
0
0
0
0
0
0
0
0
0
0
0
0
0
0
0
0
0
0
0
0
0
0
0
0
0
0
0
0
0
0
0
0
0
0
0
0
0
0
0
0
0
0
0
0
0
0
0
0
0
0
0
0
0
0
0
0
0
0
0
0
0
0
0
0
0
0
0
0
0
0
0
0
0
0
0
0
0
0
0
0
0
0
0
0
0
0
0
0
0
0
0
0
0
0
0
0
0
0
0
0
0
0
0
0
0
0
0
0
0
0
0
0
0
0
0
0
0
0
0
0
0
0
0
0
0
0
0
0
0
0
0
0
0
0
0
0
0
0
0
0
0
0
0
0
0
0
0
0
0
0
0
0
0
0
0
0
0
0
0
0
0
0
0
0
0
0
0
0
0
0
0
0
0
0
0
0
0
0
0
0
0
0
0
0
0
0
0
0
0
0
0
0
0
0
0
0
0
0
0
0
0
0
0
0
0
0
0
0
0
0
0
0
0
0
0
0
0
0
0
0
0
0
0
0
0
0
0
0
0
0
0
0
0
0
0
0
0
0
0
0
0
0
0
0
0
0
0
0
0
0
0
0
0
0
0
0
0
0
0
0
0
0
0
0
0
0
0
0
0
0
0
0
0
0
0
0
0
0
0
0
0
0
0
0
0
0
0
0
0
0
0
0
0
0
0
0
0
0
0
0
0
0
0
0
0
0
0
0
0
0
0
0
0
0
0
0
0
0
0
0
0
0
0
0
0
0
0
0
0
0
0
0
0
0
0
0
0
0
0
0
0
0
0
0
0
0
0
0
0
0
0
0
0
0
0
0
0
0
0
0
0
0
0
0
0
0
0
0
0
0
0
0
0
0
0
0
0
0
0
0
0
0
0
0
0
0
0
0
0
0
0
0
0
0
0
0
0
0
0
0
0
0
0
0
0
0
0
0
0
0
0
0
0
0
0
0
0
0
0
0
0
0
0
0
0
0
0
0
0
0
0
0
0
0
0
0
0
0
0
0
0
0
0
0
0
0
0
0
0
0
0
0
0
0
0
0
0
0
0
0
0
0
0
0
0
0
0
0
0
0
0
0
0
0
0
0
0
0
0
0
0
0
0
0
0
0
0
0
0
0
0
0
0
0
0
0
0
0
0
0
0
0
0
0
0
0
0
0
0
0
0
0
0
0
0
0
0
0
0
0
0
0
0
0
0
0
0
0
0
0
0
0
0
0
0
0
0
0
0
0
0
0
0
0
0
0
0
0
0
0
0
0
0
0
0
0
0
0
0
0
0
0
0
0
0
0
0
0
0
0
0
0
0
0
0
0
0
0
0
0
0
0
0
0
0
0
0
0
0
0
0
0
0
0
0
0
0
0
0
0
0
0
0
0
0
0
0
0
0
0
0
0
0
0
0
0
0
0
0
0
0
0
0
0
0
0
0
0
0
0
0
0
0
0
0
0
0
0
0
0
0
0
0
0
0
0
0
0
0
0
0
0
0
0
0
0
0
0
0
0
0
0
0
0
0
0
0
0
0
0
0
0
0
0
0
0
0
0
0
0
0
0
0
0
0
0
0
0
0
0
0
0
0
0
0
0
0
0
0
0
0
0
0
0
0
0
0
0
0
0
0
0
0
0
0
0
0
0
0
0
0
0
0
0
0
0
0
0
0
0
0
0
0
0
0
0
0
0
0
0
0
0
0
0
0
0
0
0
0
0
0
0
0
0
0
0
0
0
0
0
0
0
0
0
0
0
0
0
0
0
0
0
0
0
0
0
0
0
0
0
0
0
0
0
0
0
0
0
0
0
0
0
0
0
0
0
0
0
0
0
0
0
0
0
0
0
0
0
0
0
0
0
0
0
0
0
0
0
0
0
0
0
0
0
0
0
0
0
0
0
0
0
0
0
0
0
0
0
0
0
0
0
0
0
0
0
0
0
0
0
0
0
0
0
0
0
0
0
0
0
0
0
0
0
0
0
0
0
0
0
0
0
0
0
0
0
0
0
0
0
0
0
0
0
0
0
0
0
0
0
0
0
0
0
0
0
0
0
0
0
0
0
0
0
0
0
0
0
0
0
0
0
0
0
0
0
0
0
0
0
0
0
0
0
0
0
0
0
0
0
0
0
0
0
0
0
0
0
0
0
0
0
0
0
0
0
0
0
0
0
0
0
0
0
0
0
0
0
0
0
0
0
0
0
0
0
0
0
0
0
0
0
0
0
0
0
0
0
0
0
0
0
0
0
0
0
0
0
0
0
0
0
0
0
0
0
0
0
0
0
0
0
0
0
0
0
0
0
0
0
0
0
0
0
0
0
0
0
0
0
0
0
0
0
0
0
0
0
0
0
0
0
0
0
0
0
0
0
0
0
0
0
0
0
0
0
0
0
0
0
0
0
0
0
0
0
0
0
0
0
0
0
0
0
0
0
0
0
0
0
0
0
0
0
0
0
0
0
0
0
0
0
0
0
0
0
0
0
0
0
0
0
0
0
0
0
0
0
0
0
0
0
0
0
0
0
0
0
0
0
0
0
0
0
0
0
0
0
0
0
0
0
0
0
0
0
0
0
0
0
0
0
0
0
0
0
0
0
0
0
0
0
0
0
0
0
0
0
0
0
0
0
0
0
0
0
0
0
0
0
0
0
0
0
0
0
0
0
0
0
0
0
0
0
0
0
0
0
0
0
0
0
0
0
0
0
0
0
0
0
0
0
0
0
0
0
0
0
0
0
0
0
0
0
0
0
0
0
0
0
0
0
0
0
0
0
0
0
0
0
0
0
0
0
0
0
0
0
0
0
0
0
0
0
0
0
0
0
0
0
0
0
0
0
0
0
0
0
0
0
0
0
0
0
0
0
0
0
0
0
0
0
0
0
0
0
0
0
0
0
0
0
0
0
0
0
0
0
0
0
0
0
0
0
0
0
0
0
0
0
0
0
0
0
0
0
0
0
0
0
0
0
0
0
0
0
0
0
0
0
0
0
0
0
0
0
0
0
0
0
0
0
0
0
0
0
0
0
0
0
0
0
0
0
0
0
0
0
0
0
0
0
0
0
0
0
0
0
0
0
0
0
0
0
0
0
0
0
0
0
0
0
0
0
0
0
0
0
0
0
0
0
0
0
0
0
0
0
0
0
0
0
0
0
0
0
0
0
0
0
0
0
0
0
0
0
0
0
0
0
0
0
0
0
0
0
0
0
0
0
0
0
0
0
0
0
0
0
0
0
0
0
0
0
0
0
0
0
0
0
0
0
0
0
0
0
0
0
0
0
0
0
0
0
0
0
0
0
0
0
0
0
0
0
0
0
0
0
0
0
0
0
0
0
0
0
0
0
0
0
0
0
0
0
0
0
0
0
0
0
0
0
0
0
0
0
0
0
0
0
0
0
0
0
0
0
0
0
0
0
0
0
0
0
0
0
0
0
0
0
0
0
0
0
0
0
0
0
0
0
0
0
0
0
0
0
0
0
0
0
0
0
0
0
0
0
0
0
0
0
0
0
0
0
0
0
0
0
0
0
0
0
0
0
0
0
0
0
0
0
0
0
0
0
0
0
0
0
0
0
0
0
0
0
0
0
0
0
0
0
0
0
0
0
0
0
0
0
0
0
0
0
0
0
0
0
0
0
0
0
0
0
0
0
0
0
0
0
0
0
0
0
0
0
0
0
0
0
0
0
0
0
0
0
0
0
0
0
0
0
0
0
0
0
0
0
0
0
0
0
0
0
0
0
0
0
0
0
0
0
0
0
0
0
0
0
0
0
0
0
0
0
0
0
0
0
0
0
0
0
0
0
0
0
0
0
0
0
0
0
0
0
0
0
0
0
0
0
0
0
0
0
0
0
0
0
0
0
0
0
0
0
0
0
0
0
0
0
0
0
0
0
0
0
0
0
0
0
0
0
0
0
0
0
0
0
0
0
0
0
0
0
0
0
0
0
0
0
0
0
0
0
0
0
0
0
0
0
0
0
0
0
0
0
0
0
0
0
0
0
0
0
0
0
0
0
0
0
0
0
0
0
0
0
0
0
0
0
0
0
0
0
0
0
0
0
0
0
0
0
0
0
0
0
0
0
0
0
0
0
0
0
0
0
0
0
0
0
0
0
0
0
0
0
0
0
0
0
0
0
0
0
0
0
0
0
0
0
0
0
0
0
0
0
0
0
0
0
0
0
0
0
0
0
0
0
0
0
0
0
0
0
0
0
0
0
0
0
0
0
0
0
0
0
0
0
0
0
0
0
0
0
0
0
0
0
0
0
0
0
0
0
0
0
0
0
0
0
0
0
0
0
0
0
0
0
0
0
0
0
0
0
0
0
0
0
0
0
0
0
0
0
0
0
0
0
0
0
0
0
0
0
0
0
0
0
0
0
0
0
0
0
0
0
0
0
0
0
0
0
0
0
0
0
0
0
0
0
0
0
0
0
0
0
0
0
0
0
0
0
0
0
0
0
0
0
0
0
0
0
0
0
0
0
0
0
0
0
0
0
0
0
0
0
0
0
0
0
0
0
0
0
0
0
0
0
0
0
0
0
0
0
0
0
0
0
0
0
0
0
0
0
0
0
0
0
0
0
0
0
0
0
0
0
0
0
0
0
0
0
0
0
0
0
0
0
0
0
0
0
0
0
0
0
0
0
0
0
0
0
0
0
0
0
0
0
0
0
0
0
0
0
0
0
0
0
0
0
0
0
0
0
0
0
0
0
0
0
0
0
0
0
0
0
0
0
0
0
0
0
0
0
0
0
0
0
0
0
0
0
0
0
0
0
0
0
0
0
0
0
0
0
0
0
0
0
0
0
0
0
0
0
0
0
0
0
0
0
0
0
0
0
0
0
0
0
0
0
0
0
0
0
0
0
0
0
0
0
0
0
0
0
0
0
0
0
0
0
0
0
0
0
0
0
0
0
0
0
0
0
0
0
0
0
0
0
0
0
0
0
0
0
0
0
0
0
0
0
0
0
0
0
0
0
0
0
0
0
0
0
0
0
0
0
0
0
0
0
0
0
0
0
0
0
0
0
0
0
0
0
0
0
0
0
0
0
0
0
0
0
0
0
0
0
0
0
0
0
0
0
0
0
0
0
0
0
0
0
0
0
0
0
0
0
0
0
0
0
0
0
0
0
0
0
0
0
0
0
0
0
0
0
0
0
0
0
0
0
0
0
0
0
0
0
0
0
0
0
0
0
0
0
0
0
0
0
0
0
0
0
0
0
0
0
0
0
0
0
0
0
0
0
0
0
0
0
0
0
0
0
0
0
0
0
0
0
0
0
0
0
0
0
0
0
0
0
0
0
0
0
0
0
0
0
0
0
0
0
0
0
0
0
0
0
0
0
0
0
0
0
0
0
0
0
0
0
0
0
0
0
0
0
0
0
0
0
0
0
0
0
0
0
0
0
0
0
0
0
0
0
0
0
0
0
0
0
0
0
0
0
0
0
0
0
0
0
0
0
0
0
0
0
0
0
0
0
0
0
0
0
0
0
0
0
0
0
0
0
0
0
0
0
0
0
0
0
0
0
0
0
0
0
0
0
0
0
0
0
0
0
0
0
0
0
0
0
0
0
0
0
0
0
0
0
0
0
0
0
0
0
0
0
0
0
0
0
0
0
0
0
0
0
0
0
0
0
0
0
0
0
0
0
0
0
0
0
0
0
0
0
0
0
0
0
0
0
0
0
0
0
0
0
0
0
0
0
0
0
0
0
0
0
0
0
0
0
0
0
0
0
0
0
0
0
0
0
0
0
0
0
0
0
0
0
0
0
0
0
0
0
0
0
0
0
0
0
0
0
0
0
0
0
0
0
0
0
0
0
0
0
0
0
0
0
0
0
0
0
0
0
0
0
0
0
0
0
0
0
0
0
0
0
0
0
0
0
0
0
0
0
0
0
0
0
0
0
0
0
0
0
0
0
0
0
0
0
0
0
0
0
0
0
0
0
0
0
0
0
0
0
0
0
0
0
0
0
0
0
0
0
0
0
0
0
0
0
0
0
0
0
0
0
0
0
0
0
0
0
0
0
0
0
0
0
0
0
0
0
0
0
0
0
0
0
0
0
0
0
0
0
0
0
0
0
0
0
0
0
0
0
0
0
0
0
0
0
0
0
0
0
0
0
0
0
0
0
0
0
0
0
0
0
0
0
0
0
0
0
0
0
0
0
0
0
0
0
0
0
0
0
0
0
0
0
0
0
0
0
0
0
0
0
0
0
0
0
0
0
0
0
0
0
0
0
0
0
0
0
0
0
0
0
0
0
0
0
0
0
0
0
0
0
0
0
0
0
0
0
0
0
0
0
0
0
0
0
0
0
0
0
0
0
0
0
0
0
0
0
0
0
0
0
0
0
0
0
0
0
0
0
0
0
0
0
0
0
0
0
0
0
0
0
0
0
0
0
0
0
0
0
0
0
0
0
0
0
0
0
0
0
0
0
0
0
0
0
0
0
0
0
0
0
0
0
0
0
0
0
0
0
0
0
0
0
0
0
0
0
0
0
0
0
0
0
0
0
0
0
0
0
0
0
0
0
0
0
0
0
0
0
0
0
0
0
0
0
0
0
0
0
0
0
0
0
0
0
0
0
0
0
0
0
0
0
0
0
0
0
0
0
0
0
0
0
0
0
0
0
0
0
0
0
0
0
0
0
0
0
0
0
0
0
0
0
0
0
0
0
0
0
0
0
0
0
0
0
0
0
0
0
0
0
0
0
0
0
0
0
0
0
0
0
0
0
0
0
0
0
0
0
0
0
0
0
0
0
0
0
0
0
0
0
0
0
0
0
0
0
0
0
0
0
0
0
0
0
0
0
0
0
0
0
0
0
0
0
0
0
0
0
0
0
0
0
0
0
0
0
0
0
0
0
0
0
0
0
0
0
0
0
0
0
0
0
0
0
0
0
0
0
0
0
0
0
0
0
0
0
0
0
0
0
0
0
0
0
0
0
0
0
0
0
0
0
0
0
0
0
0
0
0
0
0
0
0
0
0
0
0
0
0
0
0
0
0
0
0
0
0
0
0
0
0
0
0
0
0
0
0
0
0
0
0
0
0
0
0
0
0
0
0
0
0
0
0
0
0
0
0
0
0
0
0
0
0
0
0
0
0
0
0
0
0
0
0
0
0
0
0
0
0
0
0
0
0
0
0
0
0
0
0
0
0
0
0
0
0
0
0
0
0
0
0
0
0
0
0
0
0
0
0
0
0
0
0
0
0
0
0
0
0
0
0
0
0
0
0
0
0
0
0
0
0
0
0
0
0
0
0
0
0
0
0
0
0
0
0
0
0
0
0
0
0
0
0
0
0
0
0
0
0
0
0
0
0
0
0
0
0
0
0
0
0
0
0
0
0
0
0
0
0
0
0
0
0
0
0
0
0
0
0
0
0
0
0
0
0
0
0
0
0
0
0
0
0
0
0
0
0
0
0
0
0
0
0
0
0
0
0
0
0
0
0
0
0
0
0
0
0
0
0
0
0
0
0
0
0
0
0
0
0
0
0
0
0
0
0
0
0
0
0
0
0
0
0
0
0
0
0
0
0
0
0
0
0
0
0
0
0
0
0
0
0
0
0
0
0
0
0
0
0
0
0
0
0
0
0
0
0
0
0
0
0
0
0
0
0
0
0
0
0
0
0
0
0
0
0
0
0
0
0
0
0
0
0
0
0
0
0
0
0
0
0
0
0
0
0
0
0
0
0
0
0
0
0
0
0
0
0
0
0
0
0
0
0
0
0
0
0
0
0
0
0
0
0
0
0
0
0
0
0
0
0
0
0
0
0
0
0
0
0
0
0
0
0
0
0
0
0
0
0
0
0
0
0
0
0
0
0
0
0
0
0
0
0
0
0
0
0
0
0
0
0
0
0
0
0
0
0
0
0
0
0
0
0
0
0
0
0
0
0
0
0
0
0
0
0
0
0
0
0
0
0
0
0
0
0
0
0
0
0
0
0
0
0
0
0
0
0
0
0
0
0
0
0
0
0
0
0
0
0
0
0
0
0
0
0
0
0
0
0
0
0
0
0
0
0
0
0
0
0
0
0
0
0
0
0
0
0
0
0
0
0
0
0
0
0
0
0
0
0
0
0
0
0
0
0
0
0
0
0
0
0
0
0
0
0
0
0
0
0
0
0
0
0
0
0
0
0
0
0
0
0
0
0
0
0
0
0
0
0
0
0
0
0
0
0
0
0
0
0
0
0
0
0
0
0
0
0
0
0
0
0
0
0
0
0
0
0
0
0
0
0
0
0
0
0
0
0
0
0
0
0
0
0
0
0
0
0
0
0
0
0
0
0
0
0
0
0
0
0
0
0
0
0
0
0
0
0
0
0
0
0
0
0
0
0
0
0
0
0
0
0
0
0
0
0
0
0
0
0
0
0
0
0
0
0
0
0
0
0
0
0
0
0
0
0
0
0
0
0
0
0
0
0
0
0
0
0
0
0
0
0
0
0
0
0
0
0
0
0
0
0
0
0
0
0
0
0
0
0
0
0
0
0
0
0
0
0
0
0
0
0
0
0
0
0
0
0
0
0
0
0
0
0
0
0
0
0
0
0
0
0
0
0
0
0
0
0
0
0
0
0
0
0
0
0
0
0
0
0
0
0
0
0
0
0
0
0
0
0
0
0
0
0
0
0
0
0
0
0
0
0
0
0
0
0
0
0
0
0
0
0
0
0
0
0
0
0
0
0
0
0
0
0
0
0
0
0
0
0
0
0
0
0
0
0
0
0
0
0
0
0
0
0
0
0
0
0
0
0
0
0
0
0
0
0
0
0
0
0
0
0
0
0
0
0
0
0
0
0
0
0
0
0
0
0
0
0
0
0
0
0
0
0
0
0
0
0
0
0
0
0
0
0
0
0
0
0
0
0
0
0
0
0
0
0
0
0
0
0
0
0
0
0
0
0
0
0
0
0
0
0
0
0
0
0
0
0
0
0
0
0
0
0
0
0
0
0
0
0
0
0
0
0
0
0
0
0
0
0
0
0
0
0
0
0
0
0
0
0
0
0
0
0
0
0
0
0
0
0
0
0
0
0
0
0
0
0
0
0
0
0
0
0
0
0
0
0
0
0
0
0
0
0
0
0
0
0
0
0
0
0
0
0
0
0
0
0
0
0
0
0
0
0
0
0
0
0
0
0
0
0
0
0
0
0
0
0
0
0
0
0
0
0
0
0
0
0
0
0
0
0
0
0
0
0
0
0
0
0
0
0
0
0
0
0
0
0
0
0
0
0
0
0
0
0
0
0
0
0
0
0
0
0
0
0
0
0
0
0
0
0
0
0
0
0
0
0
0
0
0
0
0
0
0
0
0
0
0
0
0
0
0
0
0
0
0
0
0
0
0
0
0
0
0
0
0
0
0
0
0
0
0
0
0
0
0
0
0
0
0
0
0
0
0
0
0
0
0
0
0
0
0
0
0
0
0
0
0
0
0
0
0
0
0
0
0
0
0
0
0
0
0
0
0
0
0
0
0
0
0
0
0
0
0
0
0
0
0
0
0
0
0
0
0
0
0
0
0
0
0
0
0
0
0
0
0
0
0
0
0
0
0
0
0
0
0
0
0
0
0
0
0
0
0
0
0
0
0
0
0
0
0
0
0
0
0
0
0
0
0
0
0
0
0
0
0
0
0
0
0
0
0
0
0
0
0
0
0
0
0
0
0
0
0
0
0
0
0
0
0
0
0
0
0
0
0
0
0
0
0
0
0
0
0
0
0
0
0
0
0
0
0
0
0
0
0
0
0
0
0
0
0
0
0
0
0
0
0
0
0
0
0
0
0
0
0
0
0
0
0
0
0
0
0
0
0
0
0
0
0
0
0
0
0
0
0
0
0
0
0
0
0
0
0
0
0
0
0
0
0
0
0
0
0
0
0
0
0
0
0
0
0
0
0
0
0
0
0
0
0
0
0
0
0
0
0
0
0
0
0
0
0
0
0
0
0
0
0
0
0
0
0
0
0
0
0
0
0
0
0
0
0
0
0
0
0
0
0
0
0
0
0
0
0
0
0
0
0
0
0
0
0
0
0
0
0
0
0
0
0
0
0
0
0
0
0
0
0
0
0
0
0
0
0
0
0
0
0
0
0
0
0
0
0
0
0
0
0
0
0
0
0
0
0
0
0
0
0
0
0
0
0
0
0
0
0
0
0
0
0
0
0
0
0
0
0
0
0
0
0
0
0
0
0
0
0
0
0
0
0
0
0
0
0
0
0
0
0
0
0
0
0
0
0
0
0
0
0
0
0
0
0
0
0
0
0
0
0
0
0
0
0
0
0
0
0
0
0
0
0
0
0
0
0
0
0
0
0
0
0
0
0
0
0
0
0
0
0
0
0
0
0
0
0
0
0
0
0
0
0
0
0
0
0
0
0
0
0
0
0
0
0
0
0
0
0
0
0
0
0
0
0
0
0
0
0
0
0
0
0
0
0
0
0
0
0
0
0
0
0
0
0
0
0
0
0
0
0
0
0
0
0
0
0
0
0
0
0
0
0
0
0
0
0
0
0
0
0
0
0
0
0
0
0
0
0
0
0
0
0
0
0
0
0
0
0
0
0
0
0
0
0
0
0
0
0
0
0
0
0
0
0
0
0
0
0
0
0
0
0
0
0
0
0
0
0
0
0
0
0
0
0
0
0
0
0
0
0
0
0
0
0
0
0
0
0
0
0
0
0
0
0
0
0
0
0
0
0
0
0
0
0
0
0
0
0
0
0
0
0
0
0
0
0
0
0
0
0
0
0
0
0
0
0
0
0
0
0
0
0
0
0
0
0
0
0
0
0
0
0
0
0
0
0
0
0
0
0
0
0
0
0
0
0
0
0
0
0
0
0
0
0
0
0
0
0
0
0
0
0
0
0
0
0
0
0
0
0
0
0
0
0
0
0
0
0
0
0
0
0
0
0
0
0
0
0
0
0
0
0
0
0
0
0
0
0
0
0
0
0
0
0
0
0
0
0
0
0
0
0
0
0
0
0
0
0
0
0
0
0
0
0
0
0
0
0
0
0
0
0
0
0
0
0
0
0
0
0
0
0
0
0
0
0
0
0
0
0
0
0
0
0
0
0
0
0
0
0
0
0
0
0
0
0
0
0
0
0
0
0
0
0
0
0
0
0
0
0
0
0
0
0
0
0
0
0
0
0
0
0
0
0
0
0
0
0
0
0
0
0
0
0
0
0
0
0
0
0
0
0
0
0
0
0
0
0
0
0
0
0
0
0
0
0
0
0
0
0
0
0
0
0
0
0
0
0
0
0
0
0
0
0
0
0
0
0
0
0
0
0
0
0
0
0
0
0
0
0
0
0
0
0
0
0
0
0
0
0
0
0
0
0
0
0
0
0
0
0
0
0
0
0
0
0
0
0
0
0
0
0
0
0
0
0
0
0
0
0
0
0
0
0
0
0
0
0
0
0
0
0
0
0
0
0
0
0
0
0
0
0
0
0
0
0
0
0
0
0
0
0
0
0
0
0
0
0
0
0
0
0
0
0
0
0
0
0
0
0
0
0
0
0
0
0
0
0
0
0
0
0
0
0
0
0
0
0
0
0
0
0
0
0
0
0
0
0
0
0
0
0
0
0
0
0
0
0
0
0
0
0
0
0
0
0
0
0
0
0
0
0
0
0
0
0
0
0
0
0
0
0
0
0
0
0
0
0
0
0
0
0
0
0
0
0
0
0
0
0
0
0
0
0
0
0
0
0
0
0
0
0
0
0
0
0
0
0
0
0
0
0
0
0
0
0
0
0
0
0
0
0
0
0
0
0
0
0
0
0
0
0
0
0
0
0
0
0
0
0
0
0
0
0
0
0
0
0
0
0
0
0
0
0
0
0
0
0
0
0
0
0
0
0
0
0
0
0
0
0
0
0
0
0
0
0
0
0
0
0
0
0
0
0
0
0
0
0
0
0
0
0
0
0
0
0
0
0
0
0
0
0
0
0
0
0
0
0
0
0
0
0
0
0
0
0
0
0
0
0
0
0
0
0
0
0
0
0
0
0
0
0
0
0
0
0
0
0
0
0
0
0
0
0
0
0
0
0
0
0
0
0
0
0
0
0
0
0
0
0
0
0
0
0
0
0
0
0
0
0
0
0
0
0
0
0
0
0
0
0
0
0
0
0
0
0
0
0
0
0
0
0
0
0
0
0
0
0
0
0
0
0
0
0
0
0
0
0
0
0
0
0
0
0
0
0
0
0
0
0
0
0
0
0
0
0
0
0
0
0
0
0
0
0
0
0
0
0
0
0
0
0
0
0
0
0
0
0
0
0
0
0
0
0
0
0
0
0
0
0
0
0
0
0
0
0
0
0
0
0
0
0
0
0
0
0
0
0
0
0
0
0
0
0
0
0
0
0
0
0
0
0
0
0
0
0
0
0
0
0
0
0
0
0
0
0
0
0
0
0
0
0
0
0
0
0
0
0
0
0
0
0
0
0
0
0
0
0
0
0
0
0
0
0
0
0
0
0
0
0
0
0
0
0
0
0
0
0
0
0
0
0
0
0
0
0
0
0
0
0
0
0
0
0
0
0
0
0
0
0
0
0
0
0
0
0
0
0
0
0
0
0
0
0
0
0
0
0
0
0
0
0
0
0
0
0
0
0
0
0
0
0
0
0
0
0
0
0
0
0
0
0
0
0
0
0
0
0
0
0
0
0
0
0
0
0
0
0
0
0
0
0
0
0
0
0
0
0
0
0
0
0
0
0
0
0
0
0
0
0
0
0
0
0
0
0
0
0
0
0
0
0
0
0
0
0
0
0
0
0
0
0
0
0
0
0
0
0
0
0
0
0
0
0
0
0
0
0
0
0
0
0
0
0
0
0
0
0
0
0
0
0
0
0
0
0
0
0
0
0
0
0
0
0
0
0
0
0
0
0
0
0
0
0
0
0
0
0
0
0
0
0
0
0
0
0
0
0
0
0
0
0
0
0
0
0
0
0
0
0
0
0
0
0
0
0
0
0
0
0
0
0
0
0
0
0
0
0
0
0
0
0
0
0
0
0
0
0
0
0
0
0
0
0
0
0
0
0
0
0
0
0
0
0
0
0
0
0
0
0
0
0
0
0
0
0
0
0
0
0
0
0
0
0
0
0
0
0
0
0
0
0
