0
2
0
0
2
0
0
1.961937
0.02142782
-5.241659E-09
1.960387
0.05321382
-1.798122E-08
1.960078
0.1018366
-3.281027E-08
1.960016
0.168326
-3.225875E-08
1.960003
0.253033
-3.225875E-08
1.960003
0.253033
-3.741305E-08
1.960001
0.3531005
-4.652863E-08
1.96
0.4641371
-5.456448E-08
1.96
0.5829694
-5.456448E-08
1.96
0.5829694
-6.564088E-08
1.96
0.7099146
-8.028366E-08
1.96
0.8649753
-9.900991E-08
1.96
1.037803
-1.234922E-07
1.96
1.228132
-1.553146E-07
1.96
1.435702
-1.934416E-07
1.96
1.660264
-1.934416E-07
1.96
1.660264
-2.416928E-07
1.96
1.901839
-3.040455E-07
1.96
2.160186
-3.82178E-07
1.96
2.435066
-4.956766E-07
1.96
2.72625
-5.579822E-07
1.96
3.033515
-5.579822E-07
1.96
3.033515
-6.218214E-07
1.96
3.356913
-6.439514E-07
1.96
3.696225
-6.367841E-07
1.96
4.05124
-6.1025E-07
1.96
4.421754
-6.030786E-07
1.96
4.807568
-5.713975E-07
1.96
5.208489
-5.20133E-07
1.96
5.624332
-5.20133E-07
1.96
5.624332
-4.273244E-07
1.96
6.055181
-3.800401E-07
1.96
6.500851
-3.370958E-07
1.96
6.961166
-3.422225E-07
1.96
7.435952
-3.422225E-07
1.96
7.435952
-3.567058E-07
1.96
7.925308
-3.841518E-07
1.96
8.429064
-4.376506E-07
1.96
8.947053
-5.207128E-07
1.96
9.479115
-5.867763E-07
1.96
10.02509
-5.867763E-07
1.96
10.02509
-6.165588E-07
1.96
10.58511
-6.274498E-07
1.96
11.159
-6.093848E-07
1.96
11.74662
-5.703612E-07
1.96
12.34782
-5.062405E-07
1.96
12.96246
-4.138282E-07
1.96
13.59041
-3.443318E-07
1.96
14.23153
-3.443318E-07
1.96
14.23153
-3.009369E-07
1.96
14.88596
-2.802637E-07
1.96
15.55357
-2.802637E-07
1.96
15.55357
-2.853903E-07
1.96
16.2345
-3.077164E-07
1.96
16.9286
-3.54093E-07
1.96
17.63576
-4.0267E-07
1.96
18.35584
-5.062319E-07
1.96
19.08873
-5.062319E-07
1.96
19.08873
-5.608355E-07
1.96
19.83458
-5.938713E-07
1.96
20.59326
-6.31964E-07
1.96
21.36465
-6.37778E-07
1.96
22.14864
-6.458814E-07
1.96
22.94512
-6.458814E-07
1.96
22.94512
-6.258984E-07
1.96
23.75425
-5.59039E-07
1.96
24.57591
-4.614381E-07
1.96
25.40999
-4.007207E-07
1.96
26.25639
-4.007207E-07
1.96
26.25639
-3.553492E-07
1.96
27.11527
-3.500265E-07
1.96
27.98652
-3.993671E-07
1.96
28.87004
-4.918338E-07
1.96
29.76573
-5.041244E-07
1.96
30.67348
-5.217426E-07
1.96
31.59321
-5.217426E-07
1.96
31.59321
-5.418532E-07
1.96
32.52508
-5.748234E-07
1.96
33.469
-5.783612E-07
1.96
34.42487
-5.973083E-07
1.96
35.39261
-6.121384E-07
1.96
36.37211
-6.27587E-07
1.96
37.3633
-6.429348E-07
1.96
38.36609
-6.571511E-07
1.96
39.3804
-6.70555E-07
1.96
40.40615
-6.839153E-07
1.96
41.44326
-6.962262E-07
1.96
42.49166
-7.067511E-07
1.96
43.55128
-7.14788E-07
1.96
44.62204
-7.241574E-07
1.96
45.70388
-7.459033E-07
1.96
46.79673
-7.589019E-07
1.96
47.90054
-7.589019E-07
1.96
47.90054
-7.746063E-07
1.96
49.01549
-7.899608E-07
1.96
50.14153
-8.1384E-07
1.96
51.27859
-8.297725E-07
1.96
52.42661
-8.704542E-07
1.96
53.58551
-8.962731E-07
1.96
54.75525
-8.962731E-07
1.96
54.75525
-9.223209E-07
1.96
55.93603
-9.490058E-07
1.96
57.12778
-9.680492E-07
1.96
58.33045
-1.00409E-06
1.96
59.54396
-1.033748E-06
1.96
60.76827
-1.072962E-06
1.96
62.00332
-1.071268E-06
1.96
63.24904
-1.092317E-06
1.96
64.50539
-1.10525E-06
1.96
65.77232
-1.117777E-06
1.96
67.04976
-1.14335E-06
1.96
68.33768
-1.14335E-06
1.96
68.33768
-1.157459E-06
1.96
69.63628
-1.182703E-06
1.96
70.94553
-1.195734E-06
1.96
72.26537
-1.195734E-06
1.96
72.26537
-1.212404E-06
1.96
73.596
-1.228286E-06
1.96
74.93738
-1.2428E-06
1.96
76.28944
-1.256551E-06
1.96
77.65213
-1.270032E-06
1.96
79.02541
-1.270032E-06
1.96
79.02541
-1.283593E-06
1.96
80.40948
-1.297208E-06
1.96
81.80428
-1.313497E-06
1.96
83.20977
-1.318818E-06
1.96
84.62589
-1.337313E-06
1.96
86.05258
-1.351263E-06
1.96
87.4898
-1.351263E-06
1.96
87.4898
-1.352587E-06
1.96
88.93776
-1.36994E-06
1.96
90.39641
-1.36269E-06
1.96
91.86568
-1.370228E-06
1.96
93.34554
-1.370228E-06
1.96
93.34554
-1.402974E-06
1.96
94.8362
-1.420767E-06
1.96
96.33759
-1.446853E-06
1.96
97.84967
-1.482269E-06
1.96
99.37238
-1.519437E-06
1.96
100.9057
-1.519437E-06
1.96
100.9057
-1.583839E-06
1.96
102.4497
-1.64414E-06
1.96
104.0045
-1.707658E-06
1.96
105.57
-1.731337E-06
1.96
107.1461
-1.731337E-06
1.96
107.1461
-1.770519E-06
1.96
108.7331
-1.811225E-06
1.96
110.3308
-1.853319E-06
1.96
111.9392
-1.897621E-06
1.96
113.5501
-1.925687E-06
1.96
115.1613
-1.959135E-06
1.96
116.7728
-1.959135E-06
1.96
116.7728
-1.992992E-06
1.96
118.3848
-2.020495E-06
1.96
119.997
-2.048278E-06
1.96
121.6096
-2.048278E-06
1.96
121.6096
-2.074411E-06
1.921937
123.234
-2.099759E-06
1.846954
124.8588
-2.124347E-06
1.736157
126.4838
-2.124347E-06
1.736157
126.4838
-2.148197E-06
1.590621
128.1093
-2.171332E-06
1.411388
129.7351
-2.193772E-06
1.199469
131.3612
-2.21554E-06
0.9558457
132.9875
-2.236654E-06
0.6814679
134.6141
-2.257135E-06
0.3772586
136.241
-2.257135E-06
0.3772586
136.241
-2.277001E-06
0.04411274
137.8684
-2.296272E-06
-0.3171015
139.4961
-2.314964E-06
-0.6294166
141.124
-2.330469E-06
-1.693883
142.5394
-2.348056E-06
-1.912757
144.2215
-2.365116E-06
-2.087002
145.9302
-2.381665E-06
-2.217956
147.6648
-2.397717E-06
-2.306919
149.425
-2.413287E-06
-2.35515
151.2101
-2.42839E-06
-2.363872
153.0198
-2.44304E-06
-2.334269
154.8535
-2.457251E-06
-2.267491
156.7108
-2.471035E-06
-2.164654
158.5912
-2.484406E-06
-2.026839
160.4944
-2.497375E-06
-1.855096
162.4198
-2.462082E-06
-1.939019
164.2806
-2.424758E-06
-1.955804
166.1735
-2.420845E-06
-1.959161
168.0822
-2.391417E-06
-1.959832
170.0035
-2.401684E-06
-1.945167
171.9413
-2.40511E-06
-1.892758
173.9019
-2.408434E-06
-1.803859
175.885
-2.411657E-06
-1.679564
177.8902
-2.414784E-06
-1.520934
179.917
-2.417817E-06
-1.329002
181.965
-2.420759E-06
-1.104764
184.0339
-2.423613E-06
-0.8491903
186.1234
-2.426381E-06
-0.5632212
188.233
-2.429066E-06
-0.2477684
190.3625
-2.429087E-06
-0.245016
189.7045
-2.434058E-06
-0.2454644
189.5729
-2.432593E-06
-0.272402
189.5466
-2.413035E-06
-0.3262023
189.5413
-2.402392E-06
-0.4061742
189.5403
-2.387902E-06
-0.5072197
189.5401
-2.381934E-06
-0.6229106
189.54
-2.373765E-06
-0.7487599
189.54
-2.363497E-06
-0.8816519
189.54
-2.353688E-06
-1.019427
189.54
-2.340983E-06
-1.160587
189.54
-2.340958E-06
-1.304093
189.54
-2.338575E-06
-1.449227
189.54
-2.29142E-06
-1.595489
189.54
-2.288498E-06
-1.77152
189.5845
-2.279332E-06
-1.980332
189.7151
-2.27044E-06
-2.220942
189.9295
-2.261815E-06
-2.492398
190.2253
-2.253449E-06
-2.793772
190.6005
-2.245333E-06
-3.124167
191.0528
-2.237462E-06
-3.482714
191.5804
-2.229826E-06
-3.868567
192.181
-2.222419E-06
-4.280908
192.853
-2.215235E-06
-4.718941
193.5942
-2.208266E-06
-5.181896
194.4031
-2.201506E-06
-5.669024
195.2777
-2.194949E-06
-6.179602
196.2164
-2.188589E-06
-6.712925
197.2175
-2.182419E-06
-7.268312
198.2795
-2.176435E-06
-7.845099
199.4007
-2.17063E-06
-8.442646
200.5797
-2.164999E-06
-9.060329
201.8149
-2.159538E-06
-9.697545
203.1051
-2.15424E-06
-10.35371
204.4487
-2.149101E-06
-11.02825
205.8444
-2.144116E-06
-11.72061
207.291
-2.13928E-06
-12.43027
208.7872
-2.13459E-06
-13.1567
210.3318
-2.13004E-06
-13.89941
211.9235
-2.125627E-06
-14.65789
213.5613
-2.121347E-06
-15.43168
215.244
-2.117195E-06
-16.22032
216.9705
-2.113167E-06
-17.02337
218.7398
-2.10926E-06
-17.84038
220.5509
-2.10547E-06
-18.67095
222.4028
-2.101795E-06
-19.51466
224.2945
-2.098229E-06
-20.37113
226.2251
-2.09477E-06
-21.23996
228.1938
-2.091415E-06
-22.1208
230.1995
-2.088161E-06
-23.01327
232.2415
-2.085005E-06
-23.91702
234.319
-2.081943E-06
-24.83173
236.4311
-2.078972E-06
-25.75706
238.5771
-2.076091E-06
-26.6927
240.7563
-2.073297E-06
-27.63832
242.9679
-2.070586E-06
-28.59365
245.2111
-2.067957E-06
-29.55837
247.4854
-2.065406E-06
-30.53222
249.7901
-2.062932E-06
-31.51491
252.1244
-2.060532E-06
-32.50619
254.4879
-2.058204E-06
-33.50579
256.8798
-2.055946E-06
-34.51346
259.2996
-2.053756E-06
-35.52897
261.7467
-2.314964E-06
-0.6294166
141.124
-2.314964E-06
-0.6294166
141.124
-2.312223E-06
1.134604
141.1996
-2.304149E-06
2.826752
141.4224
-2.290963E-06
4.447151
141.7863
-2.272888E-06
5.99593
142.285
-2.250145E-06
7.473212
142.9125
-2.222959E-06
8.879127
143.6627
-2.191549E-06
10.2138
144.5294
-2.156139E-06
11.47735
145.5064
-2.116952E-06
12.66992
146.5877
-2.074208E-06
13.79162
147.7671
-2.028131E-06
14.84258
149.0385
-1.978943E-06
15.82293
150.3957
-1.926865E-06
16.7328
151.8327
-1.872121E-06
17.5723
153.3432
-1.814932E-06
18.34158
154.9212
-1.755521E-06
19.04074
156.5605
-1.694109E-06
19.66993
158.255
-1.63092E-06
20.22926
159.9986
-1.566175E-06
20.71886
161.7851
-1.500097E-06
21.13887
163.6084
-1.432907E-06
21.48939
165.4623
-1.364829E-06
21.77057
167.3408
-1.296083E-06
21.98252
169.2376
-1.226894E-06
22.12538
171.1468
-1.157482E-06
22.19926
173.062
-1.08807E-06
22.2043
174.9773
-1.018881E-06
22.14062
176.8864
-9.501355E-07
22.00835
178.7832
-8.820571E-07
21.80762
180.6617
-8.148676E-07
21.53854
182.5156
-7.487893E-07
21.20125
184.3389
-6.840444E-07
20.79587
186.1254
-6.208552E-07
20.32253
187.869
-5.594439E-07
19.78136
189.5635
-5.000327E-07
19.17248
191.2028
-4.428439E-07
18.49601
192.7808
-3.880996E-07
17.75209
194.2913
-3.360222E-07
16.94084
195.7283
-2.868339E-07
16.06239
197.0855
-2.407568E-07
15.11686
198.3569
-1.980133E-07
14.10437
199.5363
-1.588256E-07
13.02506
200.6176
-1.234159E-07
11.87906
201.5946
-9.200639E-08
10.66648
202.4613
-6.48194E-08
9.387449
203.2115
-4.207714E-08
8.042102
203.839
-2.400183E-08
6.630561
204.3377
-1.081572E-08
5.152952
204.7016
-2.741026E-09
3.609401
204.9244
-1.208987E-18
2.000034
205
-1.208987E-18
2.000034
205
-1.208987E-18
2.000034
205
-1.208987E-18
2.000034
205
-1.208987E-18
2.000034
205
-1.208987E-18
2.000034
205
-1.208987E-18
2.000034
205
-1.208987E-18
2.000034
205
-1.208987E-18
2.000034
205
-1.208987E-18
2.000034
205
-1.208987E-18
2.000034
205
-1.208987E-18
2.000034
205
-1.208987E-18
2.000034
205
-1.208987E-18
2.000034
205
-1.208987E-18
2.000034
205
-1.208987E-18
2.000034
205
-1.208987E-18
2.000034
205
-1.208987E-18
2.000034
205
-1.208987E-18
2.000034
205
-1.208987E-18
2.000034
205
-1.208987E-18
2.000034
205
-1.208987E-18
1.961972
205
-1.208987E-18
1.963113
205.0269
-1.208987E-18
1.963113
205.0269
-1.208987E-18
2.002284
205.0805
-1.208987E-18
2.078342
205.1601
-1.208987E-18
2.190181
205.2654
-1.208987E-18
2.336728
205.3957
-1.208987E-18
2.516941
205.5506
-1.208987E-18
2.516941
205.5506
-1.208987E-18
2.729811
205.7299
-1.208987E-18
2.974357
205.9332
-1.208987E-18
3.24963
206.1599
-1.208987E-18
3.554708
206.4096
-1.208987E-18
3.888695
206.682
-1.208987E-18
4.250727
206.9766
-1.208987E-18
4.63996
207.293
-1.208987E-18
5.055579
207.6308
-1.208987E-18
5.055579
207.6308
-1.208987E-18
5.496792
207.9899
-1.208987E-18
5.962831
208.3699
-1.208987E-18
6.452952
208.7705
-1.208987E-18
6.966433
209.1913
-1.208987E-18
7.502571
209.632
-1.208987E-18
7.502571
209.632
-1.208987E-18
8.060688
210.0926
-1.208987E-18
8.640124
210.5726
-1.208987E-18
9.240241
211.0718
-1.208987E-18
9.860416
211.5898
-1.208987E-18
10.50005
212.1264
-1.208987E-18
11.15856
212.6813
-1.208987E-18
11.83537
213.2542
-1.208987E-18
12.52995
213.8448
-1.208987E-18
12.52995
213.8448
-1.208987E-18
13.24174
214.4531
-1.208987E-18
13.97025
215.0788
-1.208987E-18
14.63884
215.7218
-1.208987E-18
15.24931
216.3817
-1.208987E-18
15.8034
217.0583
-1.208987E-18
16.30281
217.7514
-1.208987E-18
16.30281
217.7514
-1.208987E-18
16.74917
218.461
-1.208987E-18
17.14408
219.1869
-1.208987E-18
17.48908
219.9288
-1.208987E-18
17.48908
219.9288
-1.208987E-18
17.78566
220.6869
-1.208987E-18
18.03529
221.4608
-1.208987E-18
18.23936
222.2504
-1.208987E-18
18.39925
223.0555
-1.208987E-18
18.39925
223.0555
-1.208987E-18
18.51628
223.8761
-1.208987E-18
18.59173
224.7121
-1.208987E-18
18.62686
225.5632
-1.208987E-18
18.62287
226.4294
-1.208987E-18
18.62287
226.4294
-1.208987E-18
18.58094
227.3105
-1.208987E-18
18.50221
228.2065
-1.208987E-18
18.38777
229.1172
-1.208987E-18
18.38777
229.1172
-1.208987E-18
18.2387
230.0427
-1.208987E-18
18.05605
230.9828
-1.208987E-18
17.84081
231.9373
-1.208987E-18
17.59396
232.906
-1.208987E-18
17.59396
232.906
-1.208987E-18
17.31646
233.8892
-1.208987E-18
17.00921
234.8865
-1.208987E-18
16.67313
235.8979
-1.208987E-18
16.38519
236.9232
-1.208987E-18
16.14395
237.9622
-1.208987E-18
16.14395
237.9622
-1.208987E-18
15.94801
239.015
-1.208987E-18
15.79601
240.0816
-1.208987E-18
15.79601
240.0816
-1.208987E-18
15.68663
241.162
-1.208987E-18
15.6186
242.2561
-1.208987E-18
15.59067
243.3637
-1.208987E-18
15.60164
244.4847
-1.208987E-18
15.65035
245.619
-1.208987E-18
15.65035
245.619
-1.208987E-18
15.73566
246.7667
-1.208987E-18
15.85647
247.9276
-1.208987E-18
16.01172
249.1017
-1.208987E-18
16.01172
249.1017
-1.208987E-18
16.20037
250.289
-1.208987E-18
16.42143
251.4895
-1.208987E-18
16.67392
252.703
-1.208987E-18
16.9569
253.9294
-1.208987E-18
17.26945
255.1685
-1.208987E-18
17.61068
256.4203
-1.208987E-18
17.90362
257.6847
-1.208987E-18
18.14971
258.9614
-1.208987E-18
18.35035
260.2505
-1.208987E-18
18.35035
260.2505
-1.208987E-18
18.50691
261.5521
-1.208987E-18
18.62071
262.866
-1.208987E-18
18.69303
264.1922
-1.208987E-18
18.72512
265.5306
-1.208987E-18
18.71818
266.8811
-1.208987E-18
18.71818
266.8811
-1.208987E-18
18.67339
268.2438
-1.208987E-18
18.59188
269.6186
-1.208987E-18
18.47476
271.0055
-1.208987E-18
18.32308
272.4043
-1.208987E-18
18.13789
273.815
-1.208987E-18
17.9202
275.2375
-1.208987E-18
17.67097
276.6716
-1.208987E-18
17.67097
276.6716
-1.208987E-18
17.39116
278.1176
-1.208987E-18
17.08167
279.5753
-1.208987E-18
16.74341
281.0448
-1.208987E-18
16.37724
282.5258
-1.208987E-18
15.98399
284.0184
-1.208987E-18
15.56447
285.5224
-1.208987E-18
15.11947
287.0378
-1.208987E-18
14.64977
288.5645
-1.208987E-18
14.64977
288.5645
-1.208987E-18
14.15609
290.1026
-1.208987E-18
13.63915
291.6522
-1.208987E-18
13.09967
293.2131
-1.208987E-18
12.5383
294.7852
-1.208987E-18
11.95571
296.3686
-1.208987E-18
11.95571
296.3686
-1.208987E-18
11.35254
297.9633
-1.208987E-18
10.7294
299.5693
-1.208987E-18
10.08689
301.1807
-1.208987E-18
9.425596
302.7924
-1.208987E-18
8.746076
304.4044
-1.208987E-18
8.048879
306.0166
-1.208987E-18
8.048879
306.0166
-1.208987E-18
7.334534
307.6293
-1.208987E-18
6.603557
309.2423
-1.208987E-18
5.856447
310.8556
-1.208987E-18
5.093687
312.4692
-1.208987E-18
4.315746
314.083
-1.208987E-18
3.523082
315.6971
-1.208987E-18
3.523082
315.6971
-1.208987E-18
2.716134
317.3117
-1.208987E-18
1.895332
318.9265
-1.208987E-18
1.895332
318.9265
-5.815222E-08
1.947066
320.0348
-7.749185E-08
1.957413
321.4081
-9.456429E-08
1.959483
322.7952
-1.111064E-07
1.959897
324.1939
-1.111064E-07
1.959897
324.1939
-1.273289E-07
1.959979
325.6041
-1.428076E-07
1.959996
327.0256
-1.601189E-07
1.959999
328.4583
-1.753381E-07
1.96
329.9021
-1.979032E-07
1.96
331.3571
-1.979032E-07
1.96
331.3571
-2.144918E-07
1.96
332.8232
-2.423572E-07
1.96
334.3007
-2.738605E-07
1.96
335.7892
-2.857187E-07
1.96
337.2888
-2.857187E-07
1.96
337.2888
-2.886615E-07
1.96
338.7997
-3.0736E-07
1.96
340.3217
-3.427343E-07
1.96
341.8549
-3.427343E-07
1.96
341.8549
-3.790107E-07
1.96
343.3995
-4.330208E-07
1.96
344.9553
-4.560171E-07
1.96
346.5222
-5.121479E-07
1.96
348.1003
-5.121479E-07
1.96
348.1003
-5.376755E-07
1.96
349.6897
-5.793255E-07
2.226466
351.1617
-6.287733E-07
2.448839
352.6592
-6.712781E-07
2.662972
354.1659
-7.021691E-07
2.87606
355.6786
-7.021691E-07
2.87606
355.6786
-7.380192E-07
3.089551
357.1969
-7.380192E-07
3.089551
357.1969
-7.684083E-07
3.303769
358.7211
-7.889695E-07
3.518821
360.2512
-8.162712E-07
3.734699
361.7872
-8.420556E-07
3.951442
363.3293
-8.667008E-07
4.169028
364.8776
-8.667008E-07
4.169028
364.8776
-8.90378E-07
4.387514
366.4323
-9.131315E-07
4.606932
367.9934
-9.131315E-07
4.606932
367.9934
-9.334063E-07
4.827297
369.5614
-9.553786E-07
5.04862
371.1362
-9.801245E-07
5.270912
372.7179
-1.006234E-06
5.494179
374.3065
-1.006234E-06
5.494179
374.3065
-1.023614E-06
5.718466
375.9024
-1.039912E-06
5.943768
377.5055
-1.096081E-06
6.169699
379.113
-1.105608E-06
6.395704
380.7211
-1.162618E-06
6.621744
382.3294
-1.162618E-06
6.621744
382.3294
-1.205343E-06
6.847859
383.9383
-1.205343E-06
6.847859
383.9383
-1.257176E-06
7.074046
385.5477
-1.302507E-06
7.300273
387.1573
-1.332028E-06
7.526538
388.7673
-1.378385E-06
7.752841
390.3775
-1.461288E-06
7.979184
391.988
-1.461288E-06
7.979184
391.988
-1.541691E-06
8.205597
393.599
-1.600214E-06
8.432049
395.2103
-1.600214E-06
8.432049
395.2103
-1.633941E-06
8.658573
396.8221
-1.710227E-06
8.885137
398.4341
-1.775181E-06
9.11174
400.0465
-1.815192E-06
9.33838
401.6591
-1.863411E-06
9.565056
403.272
-1.863411E-06
9.565056
403.272
-1.900635E-06
9.791805
404.8854
-1.937778E-06
10.0186
406.4991
-1.973613E-06
10.24543
408.113
-2.007074E-06
10.47229
409.7272
-2.007074E-06
10.47229
409.7272
-2.039559E-06
10.69923
411.3419
-2.039559E-06
10.69923
411.3419
-2.070981E-06
10.92624
412.9572
-2.101014E-06
11.15328
414.5727
-2.129762E-06
11.38038
416.1885
-2.159067E-06
11.6075
417.8046
-2.159067E-06
11.6075
417.8046
-2.185279E-06
11.8347
419.4212
-2.218611E-06
12.06194
421.0381
-2.25167E-06
12.28922
422.6552
-2.295794E-06
12.51653
424.2726
-2.295794E-06
12.51653
424.2726
-2.336685E-06
12.74391
425.8905
-2.344673E-06
12.97134
427.5087
-2.358494E-06
13.1988
429.1272
-2.404284E-06
13.4263
430.7459
-2.404284E-06
13.4263
430.7459
-2.451671E-06
13.65387
432.3651
-2.517173E-06
13.88149
433.9846
-2.568763E-06
14.10913
435.6044
-2.621371E-06
14.33682
437.2245
-2.621371E-06
14.33682
437.2245
-2.692402E-06
14.56457
438.8451
-2.728519E-06
14.74743
440.4866
-2.763553E-06
14.88675
442.1284
-2.763553E-06
14.88675
442.1284
-2.797536E-06
14.98382
443.7707
-2.830499E-06
15.03991
445.4133
-2.862473E-06
15.05626
447.0561
-2.893488E-06
15.03405
448.6992
-2.923573E-06
14.97445
450.3427
-2.923573E-06
14.97445
450.3427
-2.952755E-06
14.87858
451.9866
-2.981062E-06
14.74752
453.6308
-3.008519E-06
14.58232
455.2752
-3.008519E-06
14.58232
455.2752
-3.035153E-06
14.38402
456.9202
-3.060988E-06
14.15361
458.5655
-3.086048E-06
13.89204
460.211
-3.086048E-06
13.89204
460.211
-3.110355E-06
13.60026
461.857
-3.133934E-06
13.27917
463.5034
-3.156805E-06
12.92965
465.1499
-3.17899E-06
12.55256
466.7968
-3.17899E-06
12.55256
466.7968
-3.20051E-06
12.14871
468.4442
-3.221384E-06
11.71891
470.0918
-3.241632E-06
11.26395
471.7397
-3.241632E-06
11.26395
471.7397
-3.261272E-06
10.78457
473.3882
-3.280323E-06
10.28152
475.0369
-3.298803E-06
9.755486
476.6859
-3.316728E-06
9.207175
478.3351
-3.316728E-06
9.207175
478.3351
-3.334116E-06
8.63725
479.9849
-3.350982E-06
8.04636
481.635
-3.367342E-06
7.435134
483.2853
-3.367342E-06
7.435134
483.2853
-3.383211E-06
6.804182
484.9362
-3.398604E-06
6.154095
486.5873
-3.413535E-06
5.485448
488.2386
-3.428018E-06
4.798798
489.8903
-3.442067E-06
4.094685
491.5422
-3.442067E-06
4.094685
491.5422
-3.455694E-06
3.373631
493.1946
-3.468913E-06
2.636147
494.8474
-3.481735E-06
1.882724
496.5003
-3.483789E-06
1.944545
497.9044
-3.513784E-06
1.956909
499.3706
-3.513784E-06
1.956909
499.3706
-3.511602E-06
1.959382
500.8864
-3.552251E-06
1.959876
502.4482
-3.554927E-06
1.959975
504.0544
-3.548197E-06
1.959995
505.6978
-3.567356E-06
1.959999
507.3415
-3.567356E-06
1.959999
507.3415
-3.589559E-06
1.96
508.9857
-3.601373E-06
1.96
510.6302
-3.604512E-06
1.96
512.275
-3.604512E-06
1.96
512.275
-3.61116E-06
1.96
513.9203
-3.616309E-06
1.96
515.5659
-3.62003E-06
1.96
517.2117
-3.62527E-06
1.96
518.8578
-3.630711E-06
1.96
520.5042
-3.630711E-06
1.96
520.5042
-3.635942E-06
1.96
522.1511
-3.641574E-06
1.96
523.7982
-0.003044989
2.237695
525.312
-0.006008341
2.471467
526.8862
-0.009265606
2.700603
528.5021
-0.009265606
2.700603
528.5021
-0.01285876
2.930699
530.1398
-0.01676458
3.160601
531.7792
-0.02097269
3.390477
533.4189
-0.02547213
3.620368
535.059
-0.02547213
3.620368
535.059
-0.0302523
3.850319
536.6995
-0.03530248
4.080315
538.3403
-0.04061241
4.310344
539.9814
-0.04617235
4.540409
541.6228
-0.0519728
4.770507
543.2644
-0.0519728
4.770507
543.2644
-0.05800505
5.000674
544.9066
-0.06426015
5.230881
546.549
-0.07072962
5.461118
548.1917
-0.07072962
5.461118
548.1917
-0.07740581
5.691432
549.8348
-0.08428057
5.921779
551.4783
-0.09134641
6.152161
553.1221
-0.09859616
6.382578
554.7661
-0.106023
6.613036
556.4104
-0.1136201
6.843527
558.0549
-0.1136201
6.843527
558.0549
-0.1213815
7.07409
559.7
-0.1293007
7.304689
561.3453
-0.1369823
7.566433
563.0117
-0.1444334
7.858388
564.6782
-0.1444334
7.858388
564.6782
-0.151661
8.179647
566.3453
-0.1586718
8.529331
568.0127
-0.1654722
8.906588
569.6804
-0.1720687
9.310589
571.3483
-0.1784672
9.740533
573.0164
-0.1784672
9.740533
573.0164
-0.1846738
10.19564
574.6851
-0.1906942
10.67516
576.3541
-0.1965339
11.17836
578.0233
-0.2021985
11.70452
579.6928
-0.2021985
11.70452
579.6928
-0.2076932
12.25296
581.3629
-0.2086222
12.82301
583.0331
-0.2000312
13.41402
584.7037
-0.177573
14.02536
586.3746
-0.1377978
14.65643
588.0457
-0.0769472
15.30663
589.717
-0.0769472
15.30663
589.717
0.01127385
15.97538
591.3889
0.131259
16.66214
593.0611
0.2861798
17.36635
594.7335
0.2861798
17.36635
594.7335
0.4832771
18.0875
596.4065
0.7254428
18.82508
598.0797
1.015491
19.5786
599.7532
1.35618
20.34757
601.427
1.35618
20.34757
601.427
1.754443
21.13153
603.1013
2.213953
21.93004
604.7759
2.734737
22.74266
606.4507
2.734737
22.74266
606.4507
3.324716
23.56896
608.126
3.985301
24.40854
609.8016
4.714564
25.26099
611.4775
5.510636
26.0498
613.1537
6.371703
26.77689
614.8301
6.371703
26.77689
614.8301
7.296196
27.4441
616.5071
8.277034
28.05323
618.1843
9.308172
28.60603
619.8618
9.308172
28.60603
619.8618
10.35102
29.10418
621.5399
11.38861
29.54932
623.2181
12.42207
29.94305
624.8967
13.45145
30.2869
626.5756
13.45145
30.2869
626.5756
14.47254
30.58237
628.2549
15.48945
30.83092
629.9346
16.50219
31.03394
631.6144
17.51073
31.19281
633.2946
17.51073
31.19281
633.2946
18.51068
31.30886
634.9753
19.50512
31.38336
636.6563
20.4924
31.41756
638.3375
20.4924
31.41756
638.3375
21.46292
31.41267
640.0192
22.41285
31.36987
641.7012
23.33846
31.29029
643.3835
24.2363
31.17503
645.0661
24.2363
31.17503
645.0661
25.1072
31.02517
646.7492
25.95198
30.84174
648.4326
26.77141
30.62575
650.1161
26.77141
30.62575
650.1161
27.56626
30.37818
651.8003
28.33727
30.09997
653.4847
29.08514
29.79204
655.1694
29.81058
29.45529
656.8544
29.81058
29.45529
656.8544
30.51426
29.09058
658.5396
31.19683
28.69875
660.2249
31.85891
28.28061
661.9101
32.50114
27.83695
663.5953
33.1241
27.36854
665.2806
33.1241
27.36854
665.2806
33.72837
26.87612
666.9658
34.31451
26.36041
668.6511
34.31451
26.36041
668.6511
34.88307
25.82211
670.3363
35.43457
25.26189
672.0215
35.96953
24.68042
673.7068
36.48844
24.07832
675.392
36.48844
24.07832
675.392
36.99178
23.45623
677.0773
37.48002
22.81474
678.7625
37.48002
22.81474
678.7625
37.95361
22.15443
680.4478
38.413
21.47586
682.133
38.8586
20.77959
683.8182
39.29084
20.06615
685.5035
39.71011
19.33605
687.1887
39.71011
19.33605
687.1887
40.11679
18.58978
688.874
40.51128
17.82784
690.5592
40.89394
17.0507
692.2444
41.26962
16.25881
693.9297
41.6433
15.45261
695.6149
41.6433
15.45261
695.6149
42.02268
14.63254
697.3002
42.4133
13.799
698.9854
42.4133
13.799
698.9854
42.82373
12.95241
700.6707
43.25789
12.09315
702.3559
43.71949
11.22161
704.0411
44.21217
10.33815
705.7264
44.21217
10.33815
705.7264
44.74393
9.443131
707.4116
45.30914
8.536901
709.0969
45.90178
7.619794
710.7821
45.90178
7.619794
710.7821
46.51334
6.692138
712.4673
47.13754
5.754249
714.1526
47.76956
4.806433
715.8378
48.40608
3.848989
717.5231
48.40608
3.848989
717.5231
49.03679
2.882206
719.2083
49.65741
1.906363
720.8936
50.05299
1.957273
722.0128
50.53388
1.96746
723.4993
50.53388
1.96746
723.4993
50.99836
1.969501
725.0656
51.44653
1.969896
726.7075
51.87877
1.969979
728.3815
51.87877
1.969979
728.3815
52.29551
1.969989
730.0556
52.69728
1.969995
731.7297
53.08461
1.969999
733.4037
53.08461
1.969999
733.4037
53.45802
1.97
735.0778
53.81799
1.97
736.7518
54.16502
1.969999
738.4258
54.16502
1.969999
738.4258
54.49956
1.97
740.0998
54.82206
1.97
741.7737
55.13296
1.970001
743.4477
55.43266
1.97
745.1216
55.72158
1.970002
746.7956
55.72158
1.970002
746.7956
56.00009
1.97
748.4695
56.26857
1.97
750.1435
56.52738
1.97
751.8174
56.52738
1.97
751.8174
56.77687
1.970007
753.4913
57.01737
1.970005
755.1652
57.24921
1.970004
756.8391
57.47269
1.970001
758.5129
57.47269
1.970001
758.5129
57.68813
1.970004
760.1868
57.89579
1.970001
761.8607
58.09598
1.970004
763.5346
58.28895
1.970001
765.2085
58.47496
1.97
766.8824
58.47496
1.97
766.8824
58.65427
1.97
768.5562
58.82712
1.969999
770.23
58.99373
1.969998
771.9039
59.15434
1.969997
773.5777
59.15434
1.969997
773.5777
59.30915
1.969996
775.2515
59.45839
1.969996
776.9254
59.60225
1.969999
778.5992
59.74091
1.969993
780.273
59.74091
1.969993
780.273
59.87458
1.969999
781.9468
60.00343
1.97
783.6207
60.12763
1.97
785.2945
60.24736
1.97
786.9683
60.24736
1.97
786.9683
60.36276
1.97
788.6422
60.47401
1.97
790.316
60.58124
1.97
791.9898
60.58124
1.97
791.9898
60.6846
1.97
793.6636
60.78424
1.97
795.3375
60.88028
1.97
797.0113
60.97286
1.97
798.6851
60.97286
1.97
798.6851
61.0621
1.97
800.3589
61.14812
1.97
802.0328
61.23104
1.97
803.7066
61.31097
1.97
805.3804
61.31097
1.97
805.3804
61.38802
1.97
807.0543
61.46228
1.97
808.7281
61.53387
1.97
810.4019
61.60331
2.707937
812.0872
61.67066
3.385674
813.7724
61.67066
3.385674
813.7724
61.736
4.005015
815.4576
61.79937
4.567713
817.1429
61.79937
4.567713
817.1429
61.86085
5.075468
818.8281
61.92048
5.529927
820.5134
61.97832
5.93269
822.1986
62.03443
6.285306
823.8839
62.03443
6.285306
823.8839
62.08885
6.589282
825.5691
62.14164
6.846076
827.2543
62.19285
7.057103
828.9396
62.24252
7.223736
830.6248
62.2907
7.347307
832.3101
62.2907
7.347307
832.3101
62.33743
7.429109
833.9953
62.38277
7.470393
835.6805
62.42674
7.472377
837.3658
62.42674
7.472377
837.3658
62.46939
7.436238
839.051
62.51077
7.36312
840.7363
62.5509
7.254133
842.4215
62.58983
7.110353
844.1068
62.62759
6.932824
845.792
62.62759
6.932824
845.792
62.66422
6.722558
847.4772
62.69975
6.480537
849.1625
62.69975
6.480537
849.1625
62.73421
6.207714
850.8477
62.76764
5.905012
852.533
62.80006
5.573329
854.2182
62.83152
5.213533
855.9034
62.83152
5.213533
855.9034
62.86203
4.826469
857.5887
62.89162
4.412953
859.2739
62.92033
3.973781
860.9592
62.94817
3.50972
862.6444
62.94817
3.50972
862.6444
62.97519
3.021519
864.3297
63.00138
2.509901
866.0149
63.0268
1.975568
867.7001
63.04955
1.971114
869.2198
63.04955
1.971114
869.2198
63.07161
1.92873
870.8271
63.09302
2.625555
872.5123
63.11378
3.263412
874.1976
63.11378
3.263412
874.1976
63.13392
3.84407
875.8828
63.15346
4.369246
877.5681
63.17241
4.840605
879.2533
63.19079
5.259759
880.9385
63.19079
5.259759
880.9385
63.20862
5.628277
882.6238
63.22592
5.947676
884.309
63.24269
6.21943
885.9943
63.25897
6.444969
887.6795
63.25897
6.444969
887.6795
63.27475
6.625679
889.3647
63.29007
6.762904
891.05
63.30492
6.85795
892.7352
63.30492
6.85795
892.7352
63.31932
6.912082
894.4205
63.3333
6.926528
896.1057
63.34685
6.902476
897.791
63.34685
6.902476
897.791
63.36
6.841084
899.4762
63.37275
6.743471
901.1614
63.38512
6.610723
902.8467
63.39713
6.443895
904.5319
63.39713
6.443895
904.5319
63.40876
6.244009
906.2172
63.42006
6.012057
907.9024
63.43101
5.749
909.5876
63.44163
5.455772
911.2729
63.44163
5.455772
911.2729
63.45193
5.133279
912.9581
63.46193
4.782397
914.6434
63.47163
4.403979
916.3286
63.48103
3.998851
918.0139
63.48103
3.998851
918.0139
63.49016
3.567814
919.6991
63.49901
3.111645
921.3843
63.50759
2.631098
923.0696
63.50759
2.631098
923.0696
63.51592
2.126905
924.7548
63.52399
1.599775
926.4401
63.53078
1.895955
927.8716
63.53078
1.895955
927.8716
63.53772
1.955191
929.4504
63.54454
1.917128
931.1324
63.55114
2.618145
932.8176
63.55755
3.260067
934.5029
63.55755
3.260067
934.5029
63.56377
3.84467
936.1881
63.5698
4.373672
937.8734
63.57565
4.84874
939.5586
63.58133
5.271494
941.2438
63.58133
5.271494
941.2438
63.58683
5.643502
942.9291
63.59217
5.966288
944.6143
63.59217
5.966288
944.6143
63.59735
6.241327
946.2996
63.60238
6.470052
947.9848
63.60725
6.653852
949.67
63.61198
6.794076
951.3553
63.61656
6.892031
953.0405
63.61656
6.892031
953.0405
63.62101
6.948984
954.7258
63.62532
6.966165
956.411
63.62951
6.944768
958.0963
63.63357
6.885951
959.7815
63.63357
6.885951
959.7815
63.6375
6.790834
961.4667
63.64132
6.660509
963.152
63.64503
6.496031
964.8372
63.64503
6.496031
964.8372
63.64862
6.298424
966.5225
63.65211
6.068682
968.2077
63.65549
5.80777
969.8929
63.65877
5.516623
971.5782
63.65877
5.516623
971.5782
63.66195
5.196147
973.2634
63.66504
4.847223
974.9487
63.66803
4.470704
976.6339
63.66803
4.470704
976.6339
63.67093
4.067418
978.3192
63.67375
3.638167
980.0044
63.67648
3.183731
981.6896
63.67913
2.704865
983.3749
63.67913
2.704865
983.3749
63.6817
2.202302
985.0601
63.6842
1.676754
986.7454
63.68635
1.911351
988.1959
63.68853
1.958274
989.7788
63.68853
1.958274
989.7788
63.69064
1.967658
991.4469
63.69268
1.969535
993.1201
63.69465
1.96991
994.7938
63.69655
1.969984
996.4676
63.69655
1.969984
996.4676
63.69838
1.969997
998.1414
63.70015
1.969999
999.8152
63.70185
1.97
1001.489
63.70349
1.97
1003.163
63.70349
1.97
1003.163
63.70507
1.97
1004.837
63.70659
1.97
1006.51
63.70806
1.969998
1008.184
63.70806
1.969998
1008.184
63.70947
1.969996
1009.858
63.71085
2.008056
1011.543
63.71218
2.083037
1013.229
63.71347
2.193831
1014.914
63.71472
2.339364
1016.599
63.71594
2.518594
1018.284
63.71594
2.518594
1018.284
63.71712
2.73051
1019.97
63.71826
2.974131
1021.655
63.71937
3.248506
1023.34
63.71763
3.552713
1025.025
63.70741
3.885856
1026.71
63.70741
3.885856
1026.71
63.68094
4.247068
1028.396
63.63396
4.635506
1030.081
63.56236
5.050354
1031.766
63.46115
5.490819
1033.451
63.46115
5.490819
1033.451
63.32135
5.956134
1035.136
63.14064
6.445551
1036.822
62.91576
6.958349
1038.507
62.64327
7.493826
1040.192
62.64327
7.493826
1040.192
62.31684
8.051301
1041.877
61.9324
8.630115
1043.562
61.9324
8.630115
1043.562
61.48397
9.229627
1045.247
60.96782
9.849216
1046.933
60.3815
10.48828
1048.618
59.72224
11.14624
1050.303
58.9882
11.82252
1051.988
58.9882
11.82252
1051.988
58.18103
12.51657
1053.673
57.30291
13.22787
1055.359
57.30291
13.22787
1055.359
56.35598
13.95589
1057.044
55.3423
14.70013
1058.729
54.27715
15.46011
1060.414
53.21199
16.23535
1062.099
53.21199
16.23535
1062.099
52.14684
17.02539
1063.784
51.08168
17.8298
1065.47
50.01653
18.64814
1067.155
48.95137
19.47999
1068.84
47.88622
20.32495
1070.525
47.88622
20.32495
1070.525
46.82106
21.18263
1072.21
45.75591
22.05263
1073.896
44.69075
22.9346
1075.581
44.69075
22.9346
1075.581
43.62799
23.82817
1077.266
42.57094
24.733
1078.951
41.5196
25.64874
1080.636
40.47064
26.57508
1082.321
40.47064
26.57508
1082.321
39.4305
27.43556
1084.007
38.39568
28.23217
1085.692
37.36658
28.96681
1087.377
36.34319
29.64136
1089.062
35.3242
30.2576
1090.747
34.30969
30.8173
1092.432
34.30969
30.8173
1092.432
33.30415
31.32214
1094.118
32.30302
31.77377
1095.803
31.3065
32.17379
1097.488
31.3065
32.17379
1097.488
30.32096
32.52374
1099.173
29.3518
32.82514
1100.858
28.403
33.07943
1102.544
27.47842
33.28803
1104.229
27.47842
33.28803
1104.229
26.58158
33.45231
1105.914
25.71165
33.5736
1107.599
24.86781
33.65318
1109.284
24.04929
33.69232
1110.969
23.25532
33.69221
1112.655
23.25532
33.69221
1112.655
22.48517
33.65405
1114.34
21.73813
33.57897
1116.025
21.73813
33.57897
1116.025
21.0135
33.46808
1117.71
20.31061
33.32246
1119.395
19.62881
33.14314
1121.081
18.96745
32.93113
1122.766
18.96745
32.93113
1122.766
18.32594
32.68743
1124.451
17.70368
32.41297
1126.136
17.70368
32.41297
1126.136
17.10008
32.10868
1127.821
16.51459
31.77546
1129.506
15.94667
31.41418
1131.192
15.39578
31.02567
1132.877
14.86142
30.61075
1134.562
14.86142
30.61075
1134.562
14.34309
30.17021
1136.247
13.84031
29.70483
1137.932
13.35261
29.21535
1139.618
12.87955
28.70249
1141.303
12.87955
28.70249
1141.303
12.42067
28.16696
1142.988
11.97557
27.60942
1144.673
11.54381
27.03055
1146.358
11.54381
27.03055
1146.358
11.12501
26.43098
1148.043
10.71877
25.81134
1149.729
10.32472
25.17223
1151.414
9.942493
24.51422
1153.099
9.942493
24.51422
1153.099
9.571732
23.83789
1154.784
9.212092
23.14379
1156.469
8.863242
22.43245
1158.155
8.863242
22.43245
1158.155
8.524858
21.70438
1159.84
8.196625
20.9601
1161.525
7.878239
20.20008
1163.21
7.569404
19.4248
1164.895
7.569404
19.4248
1164.895
7.269835
18.63471
1166.58
6.979252
17.83026
1168.266
6.697387
17.01189
1169.951
6.697387
17.01189
1169.951
6.423978
16.18
1171.636
6.158772
15.335
1173.321
5.901521
14.4773
1175.006
5.651988
13.60726
1176.692
5.651988
13.60726
1176.692
5.409941
12.72526
1178.377
5.175156
11.83166
1180.062
4.947413
10.9268
1181.747
4.726504
10.08715
1183.432
4.512221
9.310753
1185.117
4.512221
9.310753
1185.117
4.304367
8.595711
1186.803
4.102749
7.940183
1188.488
4.102749
7.940183
1188.488
3.907179
7.342383
1190.173
3.717476
6.800581
1191.858
3.533464
6.313095
1193.543
3.354973
5.878296
1195.229
3.354973
5.878296
1195.229
3.181836
5.494604
1196.914
3.013894
5.160486
1198.599
3.013894
5.160486
1198.599
2.85099
4.874454
1200.284
2.692972
4.635066
1201.969
2.542391
4.440922
1203.654
2.403877
4.290666
1205.34
2.282776
4.18298
1207.025
2.282776
4.18298
1207.025
2.187518
4.116587
1208.71
2.121752
4.090249
1210.395
2.089048
4.102763
1212.08
2.089048
4.102763
1212.08
2.096107
4.152966
1213.766
2.147447
4.239725
1215.451
2.246204
4.361944
1217.136
2.395428
4.518559
1218.821
2.395428
4.518559
1218.821
2.602507
4.708539
1220.506
2.870172
4.930882
1222.191
3.20108
5.184617
1223.877
3.597783
5.468803
1225.562
3.597783
5.468803
1225.562
4.058094
5.782527
1227.247
4.575376
6.124902
1228.932
5.142209
6.418942
1230.617
5.753039
6.666099
1232.302
6.401669
6.867778
1233.988
6.401669
6.867778
1233.988
7.078563
7.025344
1235.673
7.777163
7.140121
1237.358
8.492358
7.21339
1239.043
9.219015
7.246399
1240.728
9.952651
7.240355
1242.414
9.952651
7.240355
1242.414
10.68262
7.19643
1244.099
11.40332
7.11576
1245.784
12.1126
6.999447
1247.469
12.8051
6.84856
1249.154
12.8051
6.84856
1249.154
13.47683
6.664137
1250.839
14.1284
6.447185
1252.525
14.76043
6.198678
1254.21
14.76043
6.198678
1254.21
15.3735
5.919563
1255.895
15.96817
5.610759
1257.58
16.54501
5.273156
1259.265
17.10454
4.907619
1260.951
17.64728
4.59111
1262.636
18.17374
4.322159
1264.321
18.17374
4.322159
1264.321
18.68441
4.09934
1266.006
19.17976
3.921268
1267.691
19.66025
3.786601
1269.376
19.66025
3.786601
1269.376
20.12632
3.694037
1271.062
20.57841
3.642313
1272.747
21.01331
3.630203
1274.432
21.42583
3.656519
1276.117
21.81094
3.720109
1277.802
22.16672
3.819853
1279.484
22.16672
3.819853
1279.484
22.48346
3.954669
1281.15
22.75764
4.123502
1282.81
22.98483
4.325333
1284.462
23.16403
4.559172
1286.118
23.29097
4.824059
1287.781
23.29097
4.824059
1287.781
23.35933
5.119062
1289.456
23.36514
5.443278
1291.138
23.36514
5.443278
1291.138
23.30233
5.79583
1292.823
23.16751
6.175868
1294.508
22.9584
6.582568
1296.193
22.67277
7.01513
1297.879
22.67277
7.01513
1297.879
22.3051
7.472778
1299.564
21.85331
7.954759
1301.249
21.31991
8.460343
1302.934
21.31991
8.460343
1302.934
20.70736
8.988823
1304.619
20.01803
9.539511
1306.305
19.25422
10.11174
1307.99
18.41817
10.70487
1309.675
17.51204
11.31826
1311.36
17.51204
11.31826
1311.36
16.53794
11.95132
1313.045
15.4979
12.60345
1314.73
15.4979
12.60345
1314.73
14.43275
13.27407
1316.416
13.36759
13.96264
1318.101
12.30243
14.66862
1319.786
11.23728
15.39148
1321.471
10.17783
16.13071
1323.156
9.12409
16.88584
1324.842
8.076061
17.65637
1326.527
7.031022
18.36572
1328.212
5.991693
19.01573
1329.897
5.991693
19.01573
1329.897
4.960709
19.60818
1331.582
3.935434
20.14479
1333.267
2.914622
20.62724
1334.953
2.914622
20.62724
1334.953
1.90275
21.05715
1336.638
0.895329
21.4361
1338.323
-0.1076326
21.76562
1340.008
-1.106088
22.0472
1341.693
-1.106088
22.0472
1341.693
-2.094606
22.28226
1343.379
-3.067775
22.47221
1345.064
-4.021589
22.61839
1346.749
-4.95216
22.72213
1348.434
-4.95216
22.72213
1348.434
-5.854814
22.7847
1350.119
-6.730388
22.80732
1351.804
-7.579695
22.7912
1353.49
-7.579695
22.7912
1353.49
-8.403522
22.7375
1355.175
-9.202636
22.64736
1356.86
-9.977776
22.52185
1358.545
-10.72966
22.36204
1360.23
-10.72966
22.36204
1360.23
-11.45899
22.16897
1361.916
-12.16644
21.94363
1363.601
-12.85266
21.68698
1365.286
-13.5183
21.39997
1366.971
-14.16397
21.08351
1368.656
-14.16397
21.08351
1368.656
-14.79027
20.73848
1370.341
-15.39778
20.36573
1372.027
-15.98707
19.96611
1373.712
-15.98707
19.96611
1373.712
-16.55868
19.54041
1375.397
-17.11313
19.08942
1377.082
-17.64759
18.69003
1378.767
-18.1571
18.34067
1380.453
-18.63789
18.03986
1382.138
-18.63789
18.03986
1382.138
-19.08194
17.78614
1383.823
-19.48464
17.57809
1385.508
-19.84588
17.41435
1387.193
-19.84588
17.41435
1387.193
-20.15931
17.29358
1388.878
-20.42064
17.2145
1390.564
-20.62698
17.17585
1392.249
-20.62698
17.17585
1392.249
-20.77102
17.17643
1393.934
-20.85019
17.21505
1395.619
-20.862
17.29058
1397.304
-20.862
17.29058
1397.304
-20.79953
17.4019
1398.99
-20.66054
17.54794
1400.675
-20.44162
17.72767
1402.36
-20.14329
17.94007
1404.045
-20.14329
17.94007
1404.045
-19.75875
18.18415
1405.73
-19.29058
18.45898
1407.415
-18.74131
18.76363
1409.101
-18.74131
18.76363
1409.101
-18.11336
19.0972
1410.786
-17.40908
19.45882
1412.471
-16.63078
19.84766
1414.156
-15.78067
20.2629
1415.841
-15.78067
20.2629
1415.841
-14.86091
20.70374
1417.526
-13.87359
21.16943
1419.212
-13.87359
21.16943
1419.212
-12.82072
21.6592
1420.897
-11.75556
22.17234
1422.582
-10.69041
22.70815
1424.267
-9.625251
23.26595
1425.952
-9.625251
23.26595
1425.952
-8.560094
23.84508
1427.638
-7.494937
24.4449
1429.323
-6.42978
25.06478
1431.008
-5.364623
25.70414
1432.693
-4.299466
26.36237
1434.378
-4.299466
26.36237
1434.378
-3.234309
27.03892
1436.063
-2.169152
27.73324
1437.749
-1.103995
28.44479
1439.434
-1.103995
28.44479
1439.434
-0.03883839
29.17305
1441.119
1.026319
29.91753
1442.804
2.091475
30.67774
1444.489
3.156632
31.45321
1446.175
3.156632
31.45321
1446.175
4.221789
32.24347
1447.86
5.286946
33.04809
1449.545
6.352103
33.86663
1451.23
7.41726
34.69868
1452.915
8.482417
35.54384
1454.6
8.482417
35.54384
1454.6
9.544734
36.4017
1456.286
10.60134
37.19576
1457.971
11.65416
37.92794
1459.656
11.65416
37.92794
1459.656
12.69738
38.60009
1461.341
13.73488
39.21401
1463.026
14.77072
39.77145
1464.712
15.80085
40.27411
1466.397
15.80085
40.27411
1466.397
16.82205
40.72362
1468.082
17.8388
41.12159
1469.767
18.85105
41.46955
1471.452
18.85105
41.46955
1471.452
19.85438
41.76901
1473.137
20.85328
42.02142
1474.823
21.84665
42.2282
1476.508
22.83019
42.39072
1478.193
23.79958
42.51029
1479.878
23.79958
42.51029
1479.878
24.74776
42.58822
1481.563
25.66967
42.62574
1483.249
26.56391
42.62408
1484.934
26.56391
42.62408
1484.934
27.43133
42.5844
1486.619
28.27273
42.50785
1488.304
29.08888
42.39554
1489.989
29.08888
42.39554
1489.989
29.88055
42.24853
1491.674
30.64847
42.06787
1493.36
31.39335
41.85456
1495.045
32.11589
41.60959
1496.73
32.11589
41.60959
1496.73
32.81675
41.33391
1498.415
33.49658
41.02844
1500.1
34.15602
40.69407
1501.786
34.15602
40.69407
1501.786
34.79567
40.33166
1503.471
35.41614
39.94207
1505.156
36.01799
39.5261
1506.841
36.01799
39.5261
1506.841
36.60179
39.08454
1508.526
37.16807
38.61817
1510.211
37.71737
38.12773
1511.897
38.25018
37.61394
1513.582
38.76701
37.0775
1515.267
38.76701
37.0775
1515.267
39.26834
36.51909
1516.952
39.75462
35.93937
1518.637
40.22632
35.33898
1520.323
40.68387
34.71854
1522.008
40.68387
34.71854
1522.008
41.12769
34.07864
1523.693
41.55819
33.41988
1525.378
41.97578
32.74282
1527.063
41.97578
32.74282
1527.063
42.38085
32.12414
1528.748
42.77376
31.56208
1530.434
43.15488
31.05494
1532.119
43.52457
30.60109
1533.804
43.52457
30.60109
1533.804
43.88317
30.1989
1535.489
44.23101
29.84685
1537.174
44.56842
29.54342
1538.859
44.89145
29.28716
1540.545
45.19578
29.07665
1542.23
45.19578
29.07665
1542.23
45.47425
28.91051
1543.915
45.72194
28.78743
1545.6
45.72194
28.78743
1545.6
45.93082
28.7061
1547.285
46.0976
28.66527
1548.971
46.21881
28.66373
1550.656
46.29165
28.70029
1552.341
46.29165
28.70029
1552.341
46.30864
28.77383
1554.026
46.26698
28.88322
1555.711
46.16272
29.02739
1557.396
45.99561
29.2053
1559.082
45.99561
29.2053
1559.082
45.75737
29.41593
1560.767
45.44563
29.65831
1562.452
45.05815
29.93148
1564.137
45.05815
29.93148
1564.137
44.58829
30.23452
1565.822
44.03738
30.56653
1567.508
43.40783
30.92664
1569.193
42.70201
31.31401
1570.878
42.70201
31.31401
1570.878
41.92221
31.72783
1572.563
41.92221
31.72783
1572.563
41.07065
32.16729
1574.248
40.14948
32.63163
1575.933
39.16078
33.1201
1577.619
38.10659
33.63198
1579.304
37.04143
34.16657
1580.989
37.04143
34.16657
1580.989
35.97627
34.72318
1582.674
34.91112
35.30116
1584.359
33.84596
35.89986
1586.045
33.84596
35.89986
1586.045
32.78081
36.51866
1587.73
31.71565
37.15696
1589.415
30.65049
37.81418
1591.1
29.58534
38.48974
1592.785
28.52018
39.1831
1594.47
28.52018
39.1831
1594.47
27.45502
39.81759
1596.156
26.39464
40.39499
1597.841
26.39464
40.39499
1597.841
25.34204
40.917
1599.526
24.29516
41.38529
1601.211
23.25274
41.80146
1602.896
22.21476
42.1671
1604.582
21.18126
42.48369
1606.267
21.18126
42.48369
1606.267
20.15668
42.75273
1607.952
19.13656
42.97563
1609.637
18.12091
43.15379
1611.322
17.10973
43.28853
1613.007
16.10425
43.38117
1614.693
15.10449
43.43297
1616.378
14.11067
43.44515
1618.063
13.12832
43.41891
1619.748
12.16249
43.35538
1621.433
11.21841
43.25571
1623.119
10.30112
43.12096
1624.804
9.411348
42.95219
1626.489
8.548272
42.75042
1628.174
7.711088
42.51664
1629.859
7.711088
42.51664
1629.859
6.89902
42.2518
1631.544
6.111313
41.95686
1633.23
5.347238
41.63269
1634.915
4.606085
41.28019
1636.6
3.887167
40.9002
1638.285
3.189816
40.49355
1639.97
2.513386
40.06104
1641.656
1.857248
39.60344
1643.341
1.220795
39.1215
1645.026
0.6034352
38.61596
1646.711
0.004596174
38.08752
1648.396
-0.5762777
37.53687
1650.081
-1.139725
36.96468
1651.767
-1.68627
36.37159
1653.452
-2.216417
35.75823
1655.137
-2.730661
35.12521
1656.822
-3.229477
34.47311
1658.507
-3.713329
33.80252
1660.193
-4.182665
33.11398
1661.878
-4.637921
32.40804
1663.563
-5.079519
31.68521
1665.248
-5.50787
30.946
1666.933
-5.50787
30.946
1666.933
-5.92337
30.19091
1668.618
-6.326405
29.4204
1670.304
-6.717349
28.63495
1671.989
-7.096565
27.835
1673.674
-7.464404
27.02099
1675.359
-7.821208
26.26945
1677.044
-8.161598
25.57853
1678.729
-8.480358
24.9464
1680.415
-8.480358
24.9464
1680.415
-8.769371
24.37129
1682.1
-9.02382
23.8515
1683.785
-9.24111
23.38537
1685.47
-9.417342
22.97128
1687.155
-9.548124
22.60768
1688.841
-9.548124
22.60768
1688.841
-9.626188
22.29305
1690.526
-9.648387
22.02592
1692.211
-9.610686
21.80487
1693.896
-9.511146
21.62851
1695.581
-9.346432
21.49551
1697.266
-9.346432
21.49551
1697.266
-9.1095
21.40455
1698.952
-8.796806
21.35439
1700.637
-8.407397
21.3438
1702.322
-7.937882
21.37159
1704.007
-7.937882
21.37159
1704.007
-7.387296
21.43661
1705.692
-6.75807
21.53774
1707.378
-6.052565
21.6739
1709.063
-5.273067
21.84403
1710.748
-4.421797
22.04713
1712.433
-3.500908
22.28219
1714.118
-3.500908
22.28219
1714.118
-2.512489
22.54827
1715.803
-1.458565
22.84443
1717.489
-0.3934079
23.16976
1719.174
0.671749
23.5234
1720.859
1.736906
23.90449
1722.544
2.802063
24.31221
1724.229
3.86722
24.74576
1725.915
4.932377
25.20437
1727.6
4.932377
25.20437
1727.6
5.997534
25.68729
1729.285
7.062691
26.19378
1730.97
8.127848
26.72313
1732.655
9.193005
27.27467
1734.34
10.25816
27.84772
1736.026
11.32332
28.44165
1737.711
11.32332
28.44165
1737.711
12.38848
29.05582
1739.396
13.45363
29.68963
1741.081
14.51879
30.34249
1742.766
15.58395
31.01383
1744.452
16.64372
31.70309
1746.137
17.69778
32.40973
1747.822
18.74646
33.13324
1749.507
19.78969
33.8731
1751.192
20.82945
34.62883
1752.877
20.82945
34.62883
1752.877
21.85933
35.39995
1754.563
22.88446
36.186
1756.248
23.90389
36.91041
1757.933
24.9176
37.57502
1759.618
25.92636
38.18163
1761.303
26.93056
38.73198
1762.989
27.93009
39.22776
1764.674
27.93009
39.22776
1764.674
28.91954
39.6706
1766.359
29.89465
40.06209
1768.044
30.8507
40.40378
1769.729
31.78387
40.69715
1771.414
32.69004
40.94366
1773.1
32.69004
40.94366
1773.1
33.56902
41.14471
1774.785
34.42163
41.30166
1776.47
35.24867
41.41585
1778.155
36.05089
41.48854
1779.84
36.82905
41.521
1781.526
36.82905
41.521
1781.526
37.58386
41.51441
1783.211
38.31603
41.46996
1784.896
39.02623
41.38878
1786.581
39.71513
41.27198
1788.266
40.38335
41.12061
1789.951
40.38335
41.12061
1789.951
41.03154
40.93573
1791.637
41.66027
40.71832
1793.322
42.27015
40.46938
1795.007
42.86173
40.18984
1796.692
43.43556
39.88063
1798.377
43.43556
39.88063
1798.377
43.99218
39.54263
1800.063
44.5321
39.1767
1801.748
45.05582
38.78369
1803.433
45.56383
38.36441
1805.118
45.56383
38.36441
1805.118
46.05659
37.91964
1806.803
46.53458
37.45016
1808.488
46.99823
36.95669
1810.174
47.44796
36.43997
1811.859
47.88421
35.90068
1813.544
47.88421
35.90068
1813.544
48.30737
35.33952
1815.229
48.71783
34.75712
1816.914
49.11597
34.15413
1818.599
49.50218
33.53117
1820.285
49.8768
32.88884
1821.97
50.24018
32.22771
1823.655
50.59266
31.54836
1825.34
50.59266
31.54836
1825.34
50.93456
30.85132
1827.025
51.2662
30.13713
1828.711
51.5879
29.4063
1830.396
51.89995
28.65933
1832.081
52.20263
27.89672
1833.766
52.49091
27.11891
1835.451
52.49091
27.11891
1835.451
52.75478
26.32638
1837.136
52.99025
25.51956
1838.822
53.19342
24.69888
1840.507
53.3605
23.94089
1842.192
53.48685
23.2437
1843.877
53.56892
22.60549
1845.562
53.56892
22.60549
1845.562
53.59854
22.02448
1847.248
53.57238
21.49897
1848.933
53.48765
21.02729
1850.618
53.34127
20.60782
1852.303
53.13043
20.239
1853.988
53.13043
20.239
1853.988
52.84764
19.9193
1855.673
52.48934
19.64726
1857.359
52.05508
19.42144
1859.044
51.54142
19.24046
1860.729
50.94801
19.10298
1862.414
50.94801
19.10298
1862.414
50.27725
19.00768
1864.099
49.53145
18.9533
1865.785
48.71287
18.93861
1867.47
47.82369
18.96243
1869.155
46.86603
19.0236
1870.84
46.86603
19.0236
1870.84
45.84194
19.12099
1872.525
44.77679
19.25353
1874.21
43.71163
19.42015
1875.896
42.64648
19.61984
1877.581
42.64648
19.61984
1877.581
41.58132
19.85159
1879.266
40.51617
20.11446
1880.951
39.45101
20.40751
1882.636
38.38586
20.72983
1884.322
37.3207
21.08054
1886.007
37.3207
21.08054
1886.007
36.25555
21.45879
1887.692
35.19039
21.86375
1889.377
34.12524
22.29464
1891.062
33.06008
22.75065
1892.747
33.06008
22.75065
1892.747
31.99492
23.23105
1894.433
30.92977
23.7351
1896.118
29.86461
24.26209
1897.803
28.79945
24.81134
1899.488
27.7343
25.38217
1901.173
27.7343
25.38217
1901.173
26.66914
25.97394
1902.859
25.60398
26.58601
1904.544
24.53883
27.21779
1906.229
24.53883
27.21779
1906.229
23.47816
27.79255
1907.914
22.42153
28.31201
1909.599
21.36976
28.77782
1911.284
20.32259
29.1916
1912.97
20.32259
29.1916
1912.97
19.28331
29.55489
1914.655
18.24975
29.86923
1916.34
17.22076
30.13607
1918.025
17.22076
30.13607
1918.025
16.20061
30.35684
1919.71
15.18492
30.53293
1921.396
14.17367
30.66567
1923.081
13.16695
30.75637
1924.766
12.16463
30.80629
1926.451
12.16463
30.80629
1926.451
11.17012
30.81664
1928.136
10.18664
30.78862
1929.821
9.218363
30.72338
1931.507
9.218363
30.72338
1931.507
8.273718
30.62203
1933.192
7.356452
30.48566
1934.877
6.466703
30.31532
1936.562
6.466703
30.31532
1936.562
5.603647
30.11203
1938.247
4.766482
29.87677
1939.932
3.954433
29.61051
1941.618
3.166745
29.31417
1943.303
3.166745
29.31417
1943.303
2.402688
28.98866
1944.988
1.661552
28.63485
1946.673
0.9426502
28.2536
1948.358
0.9426502
28.2536
1948.358
0.2453156
27.84571
1950.044
-0.4310991
27.412
1951.729
-1.087221
26.95325
1953.414
-1.72366
26.47019
1955.099
-1.72366
26.47019
1955.099
-2.341005
26.03968
1956.784
-2.93983
25.66015
1958.469
-3.52069
25.33007
1960.155
-4.084125
25.04796
1961.84
-4.084125
25.04796
1961.84
-4.630657
24.81237
1963.525
-5.160792
24.62192
1965.21
-5.675024
24.47523
1966.895
-6.173829
24.37102
1968.581
-6.173829
24.37102
1968.581
-6.647884
24.30799
1970.266
-7.093078
24.28491
1971.951
-7.504567
24.30059
1973.636
-7.881365
24.35387
1975.321
-7.881365
24.35387
1975.321
-8.214323
24.44361
1977.006
-8.500326
24.56871
1978.692
-8.736293
24.72813
1980.377
-8.736293
24.72813
1980.377
-8.914825
24.92083
1982.062
-9.033192
25.14581
1983.747
-9.088733
25.4021
1985.432
-9.078866
25.68877
1987.118
-9.078866
25.68877
1987.118
-8.997866
26.0049
1988.803
-8.842155
26.34961
1990.488
-8.609503
26.72204
1992.173
-8.297754
27.12136
1993.858
-8.297754
27.12136
1993.858
-7.900373
27.54676
1995.543
-7.419756
27.99747
1997.229
-6.858401
28.47272
1998.914
-6.858401
28.47272
1998.914
-6.218729
28.97177
2000.599
-5.503091
29.49391
2002.284
-4.713765
30.03845
2003.969
-4.713765
30.03845
2003.969
-3.852961
30.60472
2005.655
-2.922825
31.19206
2007.34
-1.925435
31.72372
2009.025
-0.867596
32.20137
2010.71
-0.867596
32.20137
2010.71
0.1827625
32.62663
2012.395
1.228648
33.00106
2014.08
2.270039
33.3262
2015.766
2.270039
33.3262
2015.766
3.303567
33.60352
2017.451
4.331387
33.83446
2019.136
5.354736
34.0204
2020.821
6.373624
34.16271
2022.506
6.373624
34.16271
2022.506
7.383591
34.26269
2024.192
8.389021
34.3216
2025.877
9.390024
34.34068
2027.562
10.3866
34.32113
2029.247
11.37529
34.2641
2030.932
11.37529
34.2641
2030.932
12.34857
34.17072
2032.617
13.30117
34.04208
2034.303
14.22926
33.87923
2035.988
14.22926
33.87923
2035.988
15.12951
33.68321
2037.673
16.00275
33.455
2039.358
16.84979
33.19558
2041.043
16.84979
33.19558
2041.043
17.67142
32.90588
2042.729
18.4684
32.5868
2044.414
19.24148
32.23924
2046.099
19.99136
31.86404
2047.784
20.71874
31.46203
2049.469
20.71874
31.46203
2049.469
21.4243
31.03402
2051.155
22.1087
30.65692
2052.84
22.77256
30.32919
2054.525
23.41651
30.04935
2056.21
23.41651
30.04935
2056.21
24.04114
29.81597
2057.896
24.64703
29.62766
2059.581
25.23474
29.48306
2061.266
25.80482
29.38086
2062.952
26.35781
29.31978
2064.637
26.35781
29.31978
2064.637
26.89043
29.29861
2066.322
27.39832
29.31613
2068.008
27.39832
29.31613
2068.008
27.87434
29.37119
2069.693
28.31372
29.46265
2071.378
28.713
29.58944
2073.063
29.06969
29.75049
2074.749
29.37965
29.94477
2076.434
29.37965
29.94477
2076.434
29.63663
30.17128
2078.119
29.8365
30.42906
2079.805
29.97652
30.71717
2081.49
29.97652
30.71717
2081.49
30.05084
31.0347
2083.175
30.05689
31.38077
2084.861
29.99182
31.75451
2086.546
29.85318
32.15511
2088.231
29.85318
32.15511
2088.231
29.63374
32.58176
2089.917
29.33113
33.03366
2091.602
28.94317
33.51007
2093.287
28.47242
34.01025
2094.972
27.92135
34.53349
2096.658
27.92135
34.53349
2096.658
27.29239
35.0791
2098.343
26.58787
35.6464
2100.028
25.81005
36.23474
2101.714
24.96113
36.8435
2103.399
24.04325
37.47205
2105.084
24.04325
37.47205
2105.084
23.05847
38.11982
2106.77
22.00881
38.78621
2108.455
20.94437
39.47067
2110.14
19.87994
40.17266
2111.825
18.81551
40.89166
2113.511
18.81551
40.89166
2113.511
17.75108
41.62715
2115.196
16.68665
42.37864
2116.881
15.62221
43.14564
2118.567
14.55778
43.9277
2120.252
13.49335
44.72436
2121.937
13.49335
44.72436
2121.937
12.42892
45.53518
2123.623
11.36449
46.35974
2125.308
10.30006
47.19762
2126.993
9.235627
48.04844
2128.678
8.171196
48.91179
2130.364
8.171196
48.91179
2130.364
7.106039
49.7873
2132.049
6.040882
50.67461
2133.734
4.975725
51.57336
2135.42
3.910568
52.48322
2137.105
3.910568
52.48322
2137.105
2.845411
53.40384
2138.79
1.780254
54.3349
2140.476
0.7150974
55.2761
2142.161
-0.3500595
56.22712
2143.846
-1.415216
57.18768
2145.531
-1.415216
57.18768
2145.531
-2.480373
58.15748
2147.217
-3.54553
59.13625
2148.902
-4.610687
60.12373
2150.587
-4.610687
60.12373
2150.587
-5.675844
61.11964
2152.273
-6.741001
62.12373
2153.958
-7.806158
63.13577
2155.643
-8.871315
64.1555
2157.329
-9.936472
65.18271
2159.014
-11.00163
66.21716
2160.699
-12.06679
67.25864
2162.385
-13.13194
68.30695
2164.07
-14.1971
69.36186
2165.755
-15.26226
70.42319
2167.44
-16.32741
71.49075
2169.126
-17.39257
72.56434
2170.811
-18.45773
73.64378
2172.496
-19.52288
74.7289
2174.182
-20.58804
75.81954
2175.867
-21.6532
76.91552
2177.552
-22.71836
78.01668
2179.238
-23.78351
79.12286
2180.923
-24.84867
80.23393
2182.608
-25.91383
81.34973
2184.293
-26.97898
82.47012
2185.979
-28.04414
83.59496
2187.664
-29.1093
84.72411
2189.349
-30.17445
85.85746
2191.035
-31.23961
86.99487
2192.72
-32.30477
88.13622
2194.405
-33.36993
89.28139
2196.091
-34.43508
90.43027
2197.776
-35.50024
91.58274
2199.461
-36.56539
92.7387
2201.146
-37.63055
93.89805
2202.832
-38.6957
95.06068
2204.517
-39.76086
96.22649
2206.202
-40.82601
97.39539
2207.888
-41.89117
98.56728
2209.573
-42.95632
99.74209
2211.258
-44.02148
100.9197
2212.944
-45.08663
102.1001
2214.629
-46.15179
103.2831
2216.314
-47.21694
104.4687
2218
-48.2821
105.6567
2219.685
-49.34725
106.8472
2221.37
-50.41241
108.0401
2223.055
-51.47756
109.2352
2224.741
-52.54272
110.4325
2226.426
-53.60787
111.632
2228.111
-54.67303
112.8336
2229.797
-55.73818
114.0371
2231.482
-55.73818
114.0371
2231.482
-56.80334
115.2427
2233.167
-57.77334
116.4501
2234.853
-58.70853
117.6593
2236.538
-59.60458
118.8704
2238.223
-60.45744
120.0832
2239.908
-61.26272
121.2976
2241.594
-62.01613
122.5137
2243.279
-62.71385
123.7314
2244.964
-63.35184
124.9506
2246.65
-63.9262
126.1712
2248.335
-64.43401
127.3934
2250.02
-64.87157
128.6169
2251.706
-65.23525
129.8418
2253.391
-65.52227
131.068
2255.076
-65.7292
132.2955
2256.761
-65.85372
133.5242
2258.447
-65.89259
134.7541
2260.132
-65.84268
135.9852
2261.817
-65.70191
137.2174
2263.503
-65.47021
138.4507
2265.188
-65.47021
138.4507
2265.188
-65.1503
139.6851
2266.873
-64.74483
140.9205
2268.559
-64.25636
142.1569
2270.244
-63.6874
143.3943
2271.929
-63.04034
144.6326
2273.615
-62.31755
145.8718
2275.3
-61.52127
147.1119
2276.985
-60.65374
148.3529
2278.67
-59.71706
149.5947
2280.356
-58.71334
150.8373
2282.041
-57.64818
152.0807
2283.726
-56.58302
153.3249
2285.412
-55.51787
154.5698
2287.097
-54.45271
155.8154
2288.782
-53.39326
157.0617
2290.468
-53.39326
157.0617
2290.468
-52.34426
158.3087
2292.153
-51.28956
159.5564
2293.838
-50.22914
160.8046
2295.523
-49.16399
162.0535
2297.209
-48.09884
163.303
2298.894
-47.03368
164.5531
2300.579
-45.96853
165.8037
2302.265
-44.90337
167.0548
2303.95
-43.83822
168.3065
2305.635
-42.77306
169.5587
2307.321
-41.70791
170.8114
2309.006
-40.64275
172.0646
2310.691
-39.5776
173.3183
2312.376
-38.51754
174.5724
2314.062
-37.46318
175.8269
2315.747
-36.4136
177.0819
2317.432
-36.4136
177.0819
2317.432
-35.37447
178.3373
2319.118
-34.34005
179.5931
2320.803
-33.31063
180.8493
2322.488
-32.28659
182.1058
2324.174
-31.26766
183.3627
2325.859
-30.25444
184.62
2327.544
-29.24599
185.8776
2329.229
-28.24222
187.1356
2330.915
-28.24222
187.1356
2330.915
-27.24818
188.3938
2332.6
-26.26439
189.6524
2334.285
-25.29596
190.9113
2335.971
-24.34717
192.1705
2337.656
-23.42245
193.43
2339.341
-23.42245
193.43
2339.341
-22.52548
194.6897
2341.027
-21.65542
195.9498
2342.712
-20.81146
197.2101
2344.397
-19.99282
198.4706
2346.083
-19.19873
199.7314
2347.768
-18.42847
200.9924
2349.453
-17.68132
202.2537
2351.138
-17.68132
202.2537
2351.138
-16.95658
203.5152
2352.824
-16.25359
204.7769
2354.509
-15.57168
206.0388
2356.194
-14.91023
207.3009
2357.88
-14.26862
208.5632
2359.565
-14.26862
208.5632
2359.565
-13.64627
209.8257
2361.25
-13.04258
211.0884
2362.936
-12.457
212.3513
2364.621
-11.88899
213.6144
2366.306
-11.33803
214.8776
2367.991
-11.33803
214.8776
2367.991
-10.80359
216.141
2369.677
-10.28518
217.4046
2371.362
-9.782324
218.6683
2373.047
-9.294555
219.9322
2374.733
-8.821419
221.1962
2376.418
-8.821419
221.1962
2376.418
-8.362477
222.4603
2378.103
-7.917304
223.7246
2379.789
-7.485486
224.9891
2381.474
-7.066622
226.2536
2383.159
-6.660325
227.5183
2384.844
-6.271071
228.7831
2386.53
-6.271071
228.7831
2386.53
-5.908791
230.048
2388.215
-5.577512
231.3131
2389.9
-5.280925
232.5782
2391.586
-5.022934
233.8435
2393.271
-4.80694
235.1088
2394.956
-4.80694
235.1088
2394.956
-4.641112
236.3743
2396.642
-4.528808
237.6399
2398.327
-4.463762
238.9055
2400.012
-4.438846
240.1713
2401.698
-4.448019
241.4371
2403.383
-4.485407
242.703
2405.068
-4.485407
242.703
2405.068
-4.540739
243.9691
2406.753
-4.608898
245.2352
2408.439
-4.684643
246.5013
2410.124
-4.763182
247.6915
2411.809
-4.839365
248.8078
2413.495
-4.913263
249.8526
2415.18
-4.913263
249.8526
2415.18
-4.984944
250.828
2416.865
-5.054475
251.7361
2418.551
-5.121919
252.5789
2420.236
-5.18734
253.3583
2421.921
-5.250799
254.0763
2423.606
-5.250799
254.0763
2423.606
-5.312354
254.7347
2425.292
-5.372062
255.3353
2426.977
-5.429978
255.8798
2428.662
-5.486158
256.3698
2430.348
-5.540652
256.8072
2432.033
-5.540652
256.8072
2432.033
-5.593511
257.1933
2433.718
-5.644784
257.5298
2435.404
-5.69452
257.8181
2437.089
-5.742763
258.0597
2438.774
-5.789558
258.256
2440.459
-5.789558
258.256
2440.459
-5.83495
258.4084
2442.145
-5.878981
258.5181
2443.83
-5.92169
258.5865
2445.515
-5.963118
258.6147
2447.201
-6.003303
258.6041
2448.886
-6.003303
258.6041
2448.886
-6.042283
258.5557
2450.571
-6.080093
258.4706
2452.257
-6.116769
258.3501
2453.942
-6.116769
258.3501
2453.942
-6.152345
258.1952
2455.627
-6.186853
258.0068
2457.313
-6.220326
257.786
2458.998
-6.252795
257.5338
2460.683
-6.28429
257.251
2462.368
-6.28429
257.251
2462.368
-6.31484
256.9387
2464.054
-6.344473
256.5977
2465.739
-6.373218
256.2289
2467.424
-6.4011
255.8331
2469.11
-6.4011
255.8331
2469.11
-6.428146
255.411
2470.795
-6.45438
254.9636
2472.48
-6.479827
254.4915
2474.166
-6.479827
254.4915
2474.166
-6.504511
253.9956
2475.851
-6.528455
253.4764
2477.536
-6.55168
252.9348
2479.221
-6.574208
252.3714
2480.907
-6.574208
252.3714
2480.907
-6.596061
251.7867
2482.592
-6.617258
251.1816
2484.277
-6.637819
250.5566
2485.963
-6.657763
249.9122
2487.648
-6.657763
249.9122
2487.648
-6.677109
249.2491
2489.333
-6.695874
248.5679
2491.019
-6.714077
247.869
2492.704
-6.714077
247.869
2492.704
-6.731733
247.153
2494.389
-6.748859
246.4205
2496.074
-6.765472
245.6718
2497.76
-6.781587
244.9076
2499.445
-6.781587
244.9076
2499.445
-6.797218
244.1282
2501.13
-6.81238
243.3341
2502.816
-6.827087
242.5258
2504.501
-6.827087
242.5258
2504.501
-6.841353
241.7037
2506.186
-6.855192
240.8681
2507.872
-6.868615
240.0196
2509.557
-6.881635
239.1585
2511.242
-6.881635
239.1585
2511.242
-6.894265
238.2851
2512.927
-6.906516
237.3999
2514.613
-6.918399
236.5032
2516.298
-6.918399
236.5032
2516.298
-6.929925
235.5953
2517.983
-6.941106
234.6766
2519.669
-6.951952
233.7474
2521.354
-6.962472
232.808
2523.039
-6.962472
232.808
2523.039
-6.972677
231.8587
2524.725
-6.982575
230.8998
2526.41
-6.992177
229.9317
2528.095
-6.992177
229.9317
2528.095
-7.001491
228.9545
2529.781
-7.010525
227.9686
2531.466
-7.019288
226.9742
2533.151
-7.027788
225.9715
2534.836
-7.027788
225.9715
2534.836
-7.036033
224.9609
2536.522
-7.044031
223.9425
2538.207
-7.051788
222.9167
2539.892
-7.051788
222.9167
2539.892
-7.059313
221.8835
2541.578
-7.066613
220.8432
2543.263
-7.073693
219.7962
2544.948
-7.080561
218.7424
2546.634
-7.080561
218.7424
2546.634
-7.087223
217.6822
2548.319
-7.093685
216.6158
2550.004
-7.099953
215.5432
2551.689
-7.106033
214.4648
2553.375
-7.111931
213.3807
2555.06
-7.111931
213.3807
2555.06
-7.117651
212.2911
2556.745
-7.1232
211.196
2558.431
-7.1232
211.196
2558.431
-7.128583
210.0958
2560.116
-7.133804
208.9905
2561.801
-7.138869
207.8803
2563.487
-7.143782
206.7653
2565.172
-7.143782
206.7653
2565.172
-7.148547
205.6458
2566.857
-7.15317
204.5217
2568.542
-7.157653
203.3933
2570.228
-7.162003
202.2607
2571.913
-7.162003
202.2607
2571.913
-7.166221
201.124
2573.598
-7.170313
199.9834
2575.284
-7.174283
198.8389
2576.969
-7.178133
197.6907
2578.654
-7.181868
196.5388
2580.34
-7.181868
196.5388
2580.34
-7.18549
195.3835
2582.025
-7.189004
194.2247
2583.71
-7.189004
194.2247
2583.71
-7.192412
193.0627
2585.396
-7.195719
191.8974
2587.081
-7.198926
190.7291
2588.766
-7.202037
189.5577
2590.451
-7.202037
189.5577
2590.451
-7.205054
188.3834
2592.137
-7.207982
187.2063
2593.822
-7.210821
186.0264
2595.507
-7.210821
186.0264
2595.507
-7.213575
184.8439
2597.193
-7.216246
183.6588
2598.878
-7.218837
182.4711
2600.563
-7.221351
181.2811
2602.249
-7.221351
181.2811
2602.249
-7.223789
180.0887
2603.934
-7.226154
178.8939
2605.619
-7.228448
177.697
2607.304
-7.230673
176.4979
2608.99
-7.232832
175.2967
2610.675
-7.232832
175.2967
2610.675
-7.234926
174.0935
2612.36
-7.236957
172.8883
2614.046
-7.236957
172.8883
2614.046
-7.238926
171.6812
2615.731
-7.240837
170.4723
2617.416
-7.242691
169.2616
2619.102
-7.244489
168.0491
2620.787
-7.246233
166.8349
2622.472
-7.246233
166.8349
2622.472
-7.247925
165.6191
2624.157
-7.249566
164.4017
2625.843
-7.251157
163.1828
2627.528
-7.251157
163.1828
2627.528
-7.252701
161.9624
2629.213
-7.254199
160.7405
2630.899
-7.255652
159.5172
2632.584
-7.255652
159.5172
2632.584
-7.257061
158.2926
2634.269
-7.258428
157.0666
2635.955
-7.259754
155.8393
2637.64
-7.26104
154.6108
2639.325
-7.26104
154.6108
2639.325
-7.262288
153.3811
2641.01
-7.263498
152.1503
2642.696
-7.264672
150.9182
2644.381
-7.26581
149.6851
2646.066
-7.26581
149.6851
2646.066
-7.266915
148.4509
2647.752
-7.267986
147.2157
2649.437
-7.269025
145.9795
2651.122
-7.270033
144.7423
2652.808
-7.270033
144.7423
2652.808
-7.271011
143.5041
2654.493
-7.271959
142.265
2656.178
-7.272879
141.0251
2657.864
-7.273771
139.7842
2659.549
-7.273771
139.7842
2659.549
-7.274637
138.5426
2661.234
-7.275476
137.3001
2662.919
-7.276291
136.0568
2664.605
-7.276291
136.0568
2664.605
-7.277081
134.8128
2666.29
-7.277847
133.568
2667.975
-7.278591
132.3225
2669.661
-7.279312
131.0764
2671.346
-7.280011
129.8295
2673.031
-7.280011
129.8295
2673.031
-7.28069
128.582
2674.717
-7.281348
127.3338
2676.402
-7.281348
127.3338
2676.402
-7.281986
126.085
2678.087
-7.282605
124.8356
2679.772
-7.283206
123.5857
2681.458
-7.283788
122.3352
2683.143
-7.283788
122.3352
2683.143
-7.284353
121.0841
2684.828
-7.284902
119.8325
2686.514
-7.285433
118.5804
2688.199
-7.285949
117.3278
2689.884
-7.285949
117.3278
2689.884
-7.286449
116.0747
2691.57
-7.286935
114.8211
2693.255
-7.287405
113.5671
2694.94
-7.287405
113.5671
2694.94
-7.287862
112.3126
2696.625
-7.288305
111.0577
2698.311
-7.288735
109.8024
2699.996
-7.289152
108.5467
2701.681
-7.289152
108.5467
2701.681
-7.289556
107.2906
2703.367
-7.289948
106.0341
2705.052
-7.290329
104.7772
2706.737
-7.290698
103.52
2708.423
-7.290698
103.52
2708.423
-7.291055
102.2624
2710.108
-7.291402
101.0045
2711.793
-7.291739
99.74632
2713.479
-7.291739
99.74632
2713.479
-7.292066
98.48779
2715.164
-7.292066
98.48779
2715.164
-7.292382
97.22894
2716.849
-7.292689
95.9698
2718.534
-7.292987
94.71037
2720.22
-7.293276
93.45066
2721.905
-7.293557
92.19068
2723.59
-7.293557
92.19068
2723.59
-7.293829
90.93044
2725.276
-7.294093
89.66994
2726.961
-7.294349
88.40919
2728.646
-7.294349
88.40919
2728.646
-7.294597
87.1482
2730.332
-7.294838
85.88698
2732.017
-7.295072
84.62553
2733.702
-7.295298
83.36387
2735.387
-7.295298
83.36387
2735.387
-7.295518
82.10199
2737.073
-7.295731
80.8399
2738.758
-7.295938
79.57762
2740.443
-7.295938
79.57762
2740.443
-7.296139
78.31514
2742.129
-7.296333
77.05247
2743.814
-7.296522
75.78961
2745.499
-7.296705
74.52658
2747.185
-7.296883
73.26338
2748.87
-7.296883
73.26338
2748.87
-7.297055
72.00002
2750.555
-7.297222
70.73649
2752.24
-7.297222
70.73649
2752.24
-7.297384
69.4728
2753.926
-7.297541
68.20896
2755.611
-7.297694
66.94498
2757.296
-7.297842
65.68085
2758.982
-7.297842
65.68085
2758.982
-7.297985
64.41658
2760.667
-7.298124
63.15218
2762.352
-7.298259
61.88764
2764.038
-7.298259
61.88764
2764.038
-7.29839
60.62298
2765.723
-7.298517
59.3582
2767.408
-7.29864
58.09329
2769.094
-7.29876
56.82827
2770.779
-7.29876
56.82827
2770.779
-7.298876
55.56314
2772.464
-7.298988
54.2979
2774.149
-7.299098
53.03255
2775.835
-7.299098
53.03255
2775.835
-7.299203
51.76711
2777.52
-7.299306
50.50156
2779.205
-7.299406
49.23591
2780.891
-7.299502
47.97017
2782.576
-7.299596
46.70435
2784.261
-7.299596
46.70435
2784.261
-7.299687
45.43843
2785.947
-7.299775
44.17243
2787.632
-7.29986
42.90634
2789.317
-7.299943
41.64017
2791.002
-7.299943
41.64017
2791.002
-7.300024
40.37393
2792.688
-7.300102
39.10761
2794.373
-7.300178
37.84122
2796.058
-7.300178
37.84122
2796.058
-7.300251
36.57476
2797.744
-7.300323
35.30822
2799.429
-7.300392
34.04163
2801.114
-7.300392
34.04163
2801.114
-7.300459
32.77496
2802.8
-7.300524
31.50824
2804.485
-7.300587
30.24145
2806.17
-7.300648
28.97461
2807.855
-7.300707
27.78383
2809.541
-7.300765
26.66683
2811.226
-7.300765
26.66683
2811.226
-7.30082
25.62141
2812.911
-7.300875
24.64542
2814.597
-7.300927
23.73677
2816.282
-7.300978
22.89344
2817.967
-7.300978
22.89344
2817.967
-7.301028
22.11347
2819.653
-7.301076
21.39497
2821.338
-7.301123
20.73608
2823.023
-7.301168
20.13503
2824.708
-7.301168
20.13503
2824.708
-7.301212
19.59007
2826.394
-7.301254
19.09951
2828.079
-7.301295
18.58562
2829.764
-7.301295
18.58562
2829.764
-7.301335
18.04907
2831.45
-7.301374
17.49056
2833.135
-7.301412
16.91075
2834.82
-7.301412
16.91075
2834.82
-7.301448
16.31026
2836.506
-7.301483
15.68973
2838.191
-7.301517
15.04975
2839.876
-7.301517
15.04975
2839.876
-7.301551
14.3909
2841.562
-7.301583
13.71376
2843.247
-7.301615
13.01887
2844.932
-7.301615
13.01887
2844.932
-7.301645
12.30676
2846.617
-7.301675
11.57796
2848.303
-7.301703
10.83295
2849.988
-7.301703
10.83295
2849.988
-7.301731
10.14836
2851.673
-7.301758
9.522371
2853.359
-7.301784
8.953222
2855.044
-7.301809
8.439211
2856.729
-7.301809
8.439211
2856.729
-7.301834
7.978683
2858.415
-7.301857
7.570033
2860.1
-7.301857
7.570033
2860.1
-7.30188
7.211706
2861.785
-7.301903
6.902191
2863.47
-7.301925
6.640024
2865.156
-7.301946
6.423785
2866.841
-7.301966
6.252096
2868.526
-7.301966
6.252096
2868.526
-7.301986
6.123621
2870.212
-7.302005
5.960937
2871.897
-7.302024
5.765071
2873.582
-7.302024
5.765071
2873.582
-7.302042
5.537018
2875.268
-7.30206
5.277744
2876.953
-7.302077
4.988185
2878.638
-7.302094
4.66925
2880.323
-7.302094
4.66925
2880.323
-7.30211
4.32182
2882.009
-7.302125
3.946751
2883.694
-7.302141
3.620996
2885.379
-7.302155
3.343077
2887.065
-7.302155
3.343077
2887.065
-7.30217
3.111558
2888.75
-7.302184
2.925047
2890.435
-7.302197
2.782195
2892.121
-7.302197
2.782195
2892.121
-7.30221
2.681691
2893.806
-7.302222
2.622265
2895.491
-7.302235
2.602684
2897.177
-7.302247
2.621754
2898.862
-7.302247
2.621754
2898.862
-7.302258
2.678315
2900.547
-7.302269
2.771241
2902.232
-7.30228
2.899443
2903.918
-7.30228
2.899443
2903.918
-7.30229
3.061861
2905.603
-7.3023
3.257469
2907.288
-7.30231
3.485272
2908.974
-7.30232
3.744304
2910.659
-7.30232
3.744304
2910.659
-7.302329
3.957502
2912.344
-7.302338
4.126241
2914.03
-7.302347
4.251855
2915.715
-7.302347
4.251855
2915.715
-7.302355
4.335639
2917.4
-7.302363
4.378845
2919.085
-7.302372
4.382693
2920.771
-7.302379
4.348362
2922.456
-7.302379
4.348362
2922.456
-7.302387
4.353125
2924.141
-7.302394
4.395807
2925.827
-7.302401
4.475271
2927.512
-7.302401
4.475271
2927.512
-7.302408
4.590415
2929.197
-7.302414
4.740166
2930.883
-7.302421
4.923488
2932.568
-7.302427
5.139373
2934.253
-7.302427
5.139373
2934.253
-7.302433
5.386845
2935.938
-7.302439
5.664955
2937.624
-7.302444
5.972785
2939.309
-7.30245
6.309442
2940.994
-7.302455
6.674063
2942.68
-7.302455
6.674063
2942.68
-7.302461
7.065807
2944.365
-7.302466
7.483863
2946.05
-7.302466
7.483863
2946.05
-7.302471
7.927439
2947.736
-7.302475
8.395771
2949.421
-7.30248
8.811991
2951.106
-7.302485
9.177661
2952.792
-7.302489
9.494298
2954.477
-7.302489
9.494298
2954.477
-7.302493
9.763373
2956.162
-7.302497
9.986314
2957.847
-7.302501
10.1645
2959.533
-7.302505
10.29928
2961.218
-7.302509
10.39196
2962.903
-7.302509
10.39196
2962.903
-7.302513
10.44379
2964.589
-7.302516
10.456
2966.274
-7.302516
10.456
2966.274
-7.302519
10.42979
2967.959
-7.302523
10.3663
2969.645
-7.302526
10.26665
2971.33
-7.302526
10.26665
2971.33
-7.302529
10.13192
2973.015
-7.302532
9.963178
2974.7
-7.302535
9.761433
2976.386
-7.302537
9.527678
2978.071
-7.30254
9.262872
2979.756
-7.30254
9.262872
2979.756
-7.302543
8.967948
2981.442
-7.302546
8.719934
2983.127
-7.302548
8.517424
2984.812
-7.302548
8.517424
2984.812
-7.30255
8.359052
2986.498
-7.302553
8.243493
2988.183
-7.302553
8.243493
2988.183
-7.302555
8.169464
2989.868
-7.302557
8.135719
2991.553
-7.302559
8.141049
2993.239
-7.302561
8.184282
2994.924
-7.302563
8.264281
2996.609
-7.302563
8.264281
2996.609
-7.302565
8.379943
2998.295
-7.302567
8.530197
2999.98
-7.302569
8.637881
3001.665
-7.302571
8.704272
3003.351
-7.302571
8.704272
3003.351
-7.302573
8.730609
3005.036
-7.302575
8.718092
3006.721
-7.302576
8.667888
3008.406
-7.302576
8.667888
3008.406
-7.302577
8.581127
3010.092
-7.302579
8.458906
3011.777
-7.30258
8.302289
3013.462
-7.302582
8.112308
3015.148
-7.302582
8.112308
3015.148
-7.302583
7.889963
3016.833
-7.302585
7.636226
3018.518
-7.302586
7.352038
3020.204
-7.302586
7.352038
3020.204
-7.302588
7.038313
3021.889
-7.302589
6.695938
3023.574
-7.30259
6.32577
3025.26
-7.302591
5.928645
3026.945
-7.302591
5.928645
3026.945
-7.302592
5.505371
3028.63
-7.302593
5.056732
3030.315
-7.302594
4.58349
3032.001
-7.302594
4.58349
3032.001
-7.302595
4.086382
3033.686
-7.302596
3.566124
3035.371
-7.302597
3.023412
3037.057
-7.302598
2.458918
3038.742
-7.302598
2.458918
3038.742
-7.302599
1.873296
3040.427
-7.3026
1.267179
3042.113
-7.302585
1.629436
3043.501
-7.302561
1.701895
3045.054
-7.302535
1.716386
3046.698
-7.302535
1.716386
3046.698
-7.302508
1.719284
3048.371
-7.302482
1.719863
3050.045
-7.302482
1.719863
3050.045
-7.302457
1.719986
3051.719
-7.302433
1.72001
3053.392
-7.302411
1.720015
3055.066
-7.302388
1.720016
3056.74
-7.302388
1.720016
3056.74
-7.302367
1.720003
3058.414
-7.302346
1.720014
3060.088
-7.302346
1.720014
3060.088
-7.293845
1.725831
3061.759
-7.285641
1.721166
3063.436
-7.277739
1.720232
3065.108
-7.270123
1.720046
3066.782
-7.262782
1.720009
3068.456
-7.262782
1.720009
3068.456
-7.255705
1.720001
3070.13
-7.248885
1.72
3071.803
-7.24231
1.72
3073.477
-7.235973
1.72
3075.151
-7.235973
1.72
3075.151
-7.229864
1.720002
3076.825
-7.223976
1.719987
3078.499
-7.2183
1.719997
3080.173
-7.2183
1.719997
3080.173
-7.212829
1.72
3081.846
-7.207555
1.719997
3083.52
-7.202472
1.720006
3085.194
-7.197572
1.720008
3086.868
-7.197572
1.720008
3086.868
-7.192849
1.720001
3088.542
-7.188297
1.72
3090.216
-7.183908
1.720006
3091.889
-7.179678
1.720001
3093.563
-7.179678
1.720001
3093.563
-7.175601
1.72
3095.237
-7.171671
1.720013
3096.911
-7.167883
1.720015
3098.585
-7.167883
1.720015
3098.585
-7.164231
1.720009
3100.259
-7.160712
1.720015
3101.932
-7.157319
1.720003
3103.606
-7.157319
1.720003
3103.606
-7.154049
1.720013
3105.28
-7.150897
1.720003
3106.954
-7.147858
1.720013
3108.628
-7.144929
1.720016
3110.302
-7.142107
1.720003
3111.975
-7.142107
1.720003
3111.975
-7.139385
1.720001
3113.649
-7.136762
1.720013
3115.323
-7.134234
1.720015
3116.997
-7.131797
1.720016
3118.671
-7.131797
1.720016
3118.671
-7.129433
1.758079
3120.356
-7.12714
1.833063
3122.041
-7.124916
1.943861
3123.727
-7.122759
2.089397
3125.412
-7.122759
2.089397
3125.412
-7.120666
2.26863
3127.097
-7.118636
2.480549
3128.782
-7.116667
2.724173
3130.468
-7.114758
2.998552
3132.153
-7.114758
2.998552
3132.153
-7.121597
3.302761
3133.838
-7.141654
3.635908
3135.524
-7.141654
3.635908
3135.524
-7.182205
3.997122
3137.209
-7.248346
4.385563
3138.894
-7.343868
4.800414
3140.58
-7.472253
5.240882
3142.265
-7.636313
5.706199
3143.95
-7.636313
5.706199
3143.95
-7.844586
6.195619
3145.635
-8.100327
6.708419
3147.321
-8.407821
7.243898
3149.006
-8.767509
7.801375
3150.691
-8.767509
7.801375
3150.691
-9.1671
8.380191
3152.377
-9.599689
8.979705
3154.062
-10.06237
9.599297
3155.747
-10.06237
9.599297
3155.747
-10.54607
10.16224
3157.433
-11.04445
10.67023
3159.118
-11.55259
11.12492
3160.803
-12.06574
11.5279
3162.489
-12.06574
11.5279
3162.489
-12.57482
11.88073
3164.174
-13.0755
12.18492
3165.859
-13.56357
12.44191
3167.544
-13.56357
12.44191
3167.544
-14.037
12.65314
3169.23
-14.49623
12.81996
3170.915
-14.94168
12.94372
3172.6
-15.37376
13.0257
3174.286
-15.37376
13.0257
3174.286
-15.79289
13.06715
3175.971
-16.19944
13.06931
3177.656
-16.59379
13.03333
3179.342
-16.59379
13.03333
3179.342
-16.97631
12.96037
3181.027
-17.34736
12.85154
3182.712
-17.70728
12.70791
3184.397
-18.0564
12.53052
3186.083
-18.0564
12.53052
3186.083
-18.39504
12.3204
3187.768
-18.72353
12.07851
3189.453
-19.04216
11.80582
3191.139
-19.35123
11.50325
3192.824
-19.35123
11.50325
3192.824
-19.65104
11.17169
3194.509
-19.94184
10.81201
3196.195
-20.22392
10.42507
3197.88
-20.22392
10.42507
3197.88
-20.49754
10.01166
3199.565
-20.76295
9.648726
3201.25
-21.0204
9.334741
3202.936
-21.27013
9.068236
3204.621
-21.51236
8.847791
3206.306
-21.51236
8.847791
3206.306
-21.74733
8.672021
3207.992
-21.74733
8.672021
3207.992
-21.97524
8.539587
3209.677
-22.19632
8.449189
3211.362
-22.41077
8.399566
3213.048
-22.61878
8.389494
3214.733
-22.61878
8.389494
3214.733
-22.82056
8.417788
3216.418
-23.01628
8.483294
3218.104
-23.20613
8.584899
3219.789
-23.20613
8.584899
3219.789
-23.39028
8.721519
3221.474
-23.5632
8.892102
3223.159
-23.71951
9.095632
3224.845
-23.85471
9.331118
3226.53
-23.96487
9.597602
3228.215
-24.04504
9.894155
3229.901
-24.09041
10.21987
3231.586
-24.09632
10.57388
3233.271
-24.05823
10.95534
3234.957
-23.97177
11.36341
3236.642
-23.83266
11.7973
3238.327
-23.6482
12.18011
3240.012
-23.42546
12.51338
3241.698
-23.17032
12.79858
3243.383
-22.88946
13.03717
3245.068
-22.58936
13.23053
3246.754
-22.27631
13.38003
3248.439
-21.9564
13.48699
3250.124
-21.6352
13.55267
3251.81
-21.31847
13.57832
3253.495
-21.01124
13.56514
3255.18
-20.71323
13.51429
3256.865
-20.42415
13.4269
3258.551
-20.14375
13.30407
3260.236
-19.87177
13.14686
3261.921
-19.60794
12.95631
3263.607
-19.35202
12.73341
3265.292
-19.10378
12.47913
3266.977
-18.863
12.19442
3268.663
-18.62943
11.88019
3270.348
-18.40287
11.53732
3272.033
-18.18311
11.16668
3273.719
-17.96994
10.76909
3275.404
-17.76316
10.34537
3277.089
-17.56259
9.896296
3278.774
-17.36804
9.422631
3280.46
-17.17932
8.925114
3282.145
-16.99627
8.404459
3283.83
-16.8187
7.861361
3285.516
-16.64647
7.372619
3287.201
-16.64647
7.372619
3287.201
-16.47939
6.936602
3288.886
-16.31734
6.551728
3290.572
-16.16014
6.216463
3292.257
-16.00766
5.929319
3293.942
-15.85975
5.612726
3295.627
-15.71628
5.267569
3297.313
-15.57712
4.894703
3298.998
-15.44213
4.49496
3300.683
-15.31119
4.069147
3302.369
-15.18418
3.618046
3304.054
-15.06098
3.142414
3305.739
-14.94147
2.642989
3307.425
-14.82555
2.120484
3309.11
-14.71311
1.575591
3310.795
-14.61853
1.691133
3312.276
-14.52567
1.71424
3313.861
0
0
0
0
0
0
0
0
0
0
0
0
0
0
0
0
0
0
0
0
0
0
0
0
0
0
0
0
0
0
0
0
0
0
0
0
0
0
0
0
0
0
0
0
0
0
0
0
0
0
0
0
0
0
0
0
0
0
0
0
0
0
0
0
0
0
0
0
0
0
0
0
0
0
0
0
0
0
0
0
0
0
0
0
0
0
0
0
0
0
0
0
0
0
0
0
0
0
0
0
0
0
0
0
0
0
0
0
0
0
0
0
0
0
0
0
0
0
0
0
0
0
0
0
0
0
0
0
0
0
0
0
0
0
0
0
0
0
0
0
0
0
0
0
0
0
0
0
0
0
0
0
0
0
0
0
0
0
0
0
0
0
0
0
0
0
0
0
0
0
0
0
0
0
0
0
0
0
0
0
0
0
0
0
0
0
0
0
0
0
0
0
0
0
0
0
0
0
0
0
0
0
0
0
0
0
0
0
0
0
0
0
0
0
0
0
0
0
0
0
0
0
0
0
0
0
0
0
0
0
0
0
0
0
0
0
0
0
0
0
0
0
0
0
0
0
0
0
0
0
0
0
0
0
0
0
0
0
0
0
0
0
0
0
0
0
0
0
0
0
0
0
0
0
0
0
0
0
0
0
0
0
0
0
0
0
0
0
0
0
0
0
0
0
0
0
0
0
0
0
0
0
0
0
0
0
0
0
0
0
0
0
0
0
0
0
0
0
0
0
0
0
0
0
0
0
0
0
0
0
0
0
0
0
0
0
0
0
0
0
0
0
0
0
0
0
0
0
0
0
0
0
0
0
0
0
0
0
0
0
0
0
0
0
0
0
0
0
0
0
0
0
0
0
0
0
0
0
0
0
0
0
0
0
0
0
0
0
0
0
0
0
0
0
0
0
0
0
0
0
0
0
0
0
0
0
0
0
0
0
0
0
0
0
0
0
0
0
0
0
0
0
0
0
0
0
0
0
0
0
0
0
0
0
0
0
0
0
0
0
0
0
0
0
0
0
0
0
0
0
0
0
0
0
0
0
0
0
0
0
0
0
0
0
0
0
0
0
0
0
0
0
0
0
0
0
0
0
0
0
0
0
0
0
0
0
0
0
0
0
0
0
0
0
0
0
0
0
0
0
0
0
0
0
0
0
0
0
0
0
0
0
0
0
0
0
0
0
0
0
0
0
0
0
0
0
0
0
0
0
0
0
0
0
0
0
0
0
0
0
0
0
0
0
0
0
0
0
0
0
0
0
0
0
0
0
0
0
0
0
0
0
0
0
0
0
0
0
0
0
0
0
0
0
0
0
0
0
0
0
0
0
0
0
0
0
0
0
0
0
0
0
0
0
0
0
0
0
0
0
0
0
0
0
0
0
0
0
0
0
0
0
0
0
0
0
0
0
0
0
0
0
0
0
0
0
0
0
0
0
0
0
0
0
0
0
0
0
0
0
0
0
0
0
0
0
0
0
0
0
0
0
0
0
0
0
0
0
0
0
0
0
0
0
0
0
0
0
0
0
0
0
0
0
0
0
0
0
0
0
0
0
0
0
0
0
0
0
0
0
0
0
0
0
0
0
0
0
0
0
0
0
0
0
0
0
0
0
0
0
0
0
0
0
0
0
0
0
0
0
0
0
0
0
0
0
0
0
0
0
0
0
0
0
0
0
0
0
0
0
0
0
0
0
0
0
0
0
0
0
0
0
0
0
0
0
0
0
0
0
0
0
0
0
0
0
0
0
0
0
0
0
0
0
0
0
0
0
0
0
0
0
0
0
0
0
0
0
0
0
0
0
0
0
0
0
0
0
0
0
0
0
0
0
0
0
0
0
0
0
0
0
0
0
0
0
0
0
0
0
0
0
0
0
0
0
0
0
0
0
0
0
0
0
0
0
0
0
0
0
0
0
0
0
0
0
0
0
0
0
0
0
0
0
0
0
0
0
0
0
0
0
0
0
0
0
0
0
0
0
0
0
0
0
0
0
0
0
0
0
0
0
0
0
0
0
0
0
0
0
0
0
0
0
0
0
0
0
0
0
0
0
0
0
0
0
0
0
0
0
0
0
0
0
0
0
0
0
0
0
0
0
0
0
0
0
0
0
0
0
0
0
0
0
0
0
0
0
0
0
0
0
0
0
0
0
0
0
0
0
0
0
0
0
0
0
0
0
0
0
0
0
0
0
0
0
0
0
0
0
0
0
0
0
0
0
0
0
0
0
0
0
0
0
0
0
0
0
0
0
0
0
0
0
0
0
0
0
0
0
0
0
0
0
0
0
0
0
0
0
0
0
0
0
0
0
0
0
0
0
0
0
0
0
0
0
0
0
0
0
0
0
0
0
0
0
0
0
0
0
0
0
0
0
0
0
0
0
0
0
0
0
0
0
0
0
0
0
0
0
0
0
0
0
0
0
0
0
0
0
0
0
0
0
0
0
0
0
0
0
0
0
0
0
0
0
0
0
0
0
0
0
0
0
0
0
0
0
0
0
0
0
0
0
0
0
0
0
0
0
0
0
0
0
0
0
0
0
0
0
0
0
0
0
0
0
0
0
0
0
0
0
0
0
0
0
0
0
0
0
0
0
0
0
0
0
0
0
0
0
0
0
0
0
0
0
0
0
0
0
0
0
0
0
0
0
0
0
0
0
0
0
0
0
0
0
0
0
0
0
0
0
0
0
0
0
0
0
0
0
0
0
0
0
0
0
0
0
0
0
0
0
0
0
0
0
0
0
0
0
0
0
0
0
0
0
0
0
0
0
0
0
0
0
0
0
0
0
0
0
0
0
0
0
0
0
0
0
0
0
0
0
0
0
0
0
0
0
0
0
0
0
0
0
0
0
0
0
0
0
0
0
0
0
0
0
0
0
0
0
0
0
0
0
0
0
0
0
0
0
0
0
0
0
0
0
0
0
0
0
0
0
0
0
0
0
0
0
0
0
0
0
0
0
0
0
0
0
0
0
0
0
0
0
0
0
0
0
0
0
0
0
0
0
0
0
0
0
0
0
0
0
0
0
0
0
0
0
0
0
0
0
0
0
0
0
0
0
0
0
0
0
0
0
0
0
0
0
0
0
0
0
0
0
0
0
0
0
0
0
0
0
0
0
0
0
0
0
0
0
0
0
0
0
0
0
0
0
0
0
0
0
0
0
0
0
0
0
0
0
0
0
0
0
0
0
0
0
0
0
0
0
0
0
0
0
0
0
0
0
0
0
0
0
0
0
0
0
0
0
0
0
0
0
0
0
0
0
0
0
0
0
0
0
0
0
0
0
0
0
0
0
0
0
0
0
0
0
0
0
0
0
0
0
0
0
0
0
0
0
0
0
0
0
0
0
0
0
0
0
0
0
0
0
0
0
0
0
0
0
0
0
0
0
0
0
0
0
0
0
0
0
0
0
0
0
0
0
0
0
0
0
0
0
0
0
0
0
0
0
0
0
0
0
0
0
0
0
0
0
0
0
0
0
0
0
0
0
0
0
0
0
0
0
0
0
0
0
0
0
0
0
0
0
0
0
0
0
0
0
0
0
0
0
0
0
0
0
0
0
0
0
0
0
0
0
0
0
0
0
0
0
0
0
0
0
0
0
0
0
0
0
0
0
0
0
0
0
0
0
0
0
0
0
0
0
0
0
0
0
0
0
0
0
0
0
0
0
0
0
0
0
0
0
0
0
0
0
0
0
0
0
0
0
0
0
0
0
0
0
0
0
0
0
0
0
0
0
0
0
0
0
0
0
0
0
0
0
0
0
0
0
0
0
0
0
0
0
0
0
0
0
0
0
0
0
0
0
0
0
0
0
0
0
0
0
0
0
0
0
0
0
0
0
0
0
0
0
0
0
0
0
0
0
0
0
0
0
0
0
0
0
0
0
0
0
0
0
0
0
0
0
0
0
0
0
0
0
0
0
0
0
0
0
0
0
0
0
0
0
0
0
0
0
0
0
0
0
0
0
0
0
0
0
0
0
0
0
0
0
0
0
0
0
0
0
0
0
0
0
0
0
0
0
0
0
0
0
0
0
0
0
0
0
0
0
0
0
0
0
0
0
0
0
0
0
0
0
0
0
0
0
0
0
0
0
0
0
0
0
0
0
0
0
0
0
0
0
0
0
0
0
0
0
0
0
0
0
0
0
0
0
0
0
0
0
0
0
0
0
0
0
0
0
0
0
0
0
0
0
0
0
0
0
0
0
0
0
0
0
0
0
0
0
0
0
0
0
0
0
0
0
0
0
0
0
0
0
0
0
0
0
0
0
0
0
0
0
0
0
0
0
0
0
0
0
0
0
0
0
0
0
0
0
0
0
0
0
0
0
0
0
0
0
0
0
0
0
0
0
0
0
0
0
0
0
0
0
0
0
0
0
0
0
0
0
0
0
0
0
0
0
0
0
0
0
0
0
0
0
0
0
0
0
0
0
0
0
0
0
0
0
0
0
0
0
0
0
0
0
0
0
0
0
0
0
0
0
0
0
0
0
0
0
0
0
0
0
0
0
0
0
0
0
0
0
0
0
0
0
0
0
0
0
0
0
0
0
0
0
0
0
0
0
0
0
0
0
0
0
0
0
0
0
0
0
0
0
0
0
0
0
0
0
0
0
0
0
0
0
0
0
0
0
0
0
0
0
0
0
0
0
0
0
0
0
0
0
0
0
0
0
0
0
0
0
0
0
0
0
0
0
0
0
0
0
0
0
0
0
0
0
0
0
0
0
0
0
0
0
0
0
0
0
0
0
0
0
0
0
0
0
0
0
0
0
0
0
0
0
0
0
0
0
0
0
0
0
0
0
0
0
0
0
0
0
0
0
0
0
0
0
0
0
0
0
0
0
0
0
0
0
0
0
0
0
0
0
0
0
0
0
0
0
0
0
0
0
0
0
0
0
0
0
0
0
0
0
0
0
0
0
0
0
0
0
0
0
0
0
0
0
0
0
0
0
0
0
0
0
0
0
0
0
0
0
0
0
0
0
0
0
0
0
0
0
0
0
0
0
0
0
0
0
0
0
0
0
0
0
0
0
0
0
0
0
0
0
0
0
0
0
0
0
0
0
0
0
0
0
0
0
0
0
0
0
0
0
0
0
0
0
0
0
0
0
0
0
0
0
0
0
0
0
0
0
0
0
0
0
0
0
0
0
0
0
0
0
0
0
0
0
0
0
0
0
0
0
0
0
0
0
0
0
0
0
0
0
0
0
0
0
0
0
0
0
0
0
0
0
0
0
0
0
0
0
0
0
0
0
0
0
0
0
0
0
0
0
0
0
0
0
0
0
0
0
0
0
0
0
0
0
0
0
0
0
0
0
0
0
0
0
0
0
0
0
0
0
0
0
0
0
0
0
0
0
0
0
0
0
0
0
0
0
0
0
0
0
0
0
0
0
0
0
0
0
0
0
0
0
0
0
0
0
0
0
0
0
0
0
0
0
0
0
0
0
0
0
0
0
0
0
0
0
0
0
0
0
0
0
0
0
0
0
0
0
0
0
0
0
0
0
0
0
0
0
0
0
0
0
0
0
0
0
0
0
0
0
0
0
0
0
0
0
0
0
0
0
0
0
0
0
0
0
0
0
0
0
0
0
0
0
0
0
0
0
0
0
0
0
0
0
0
0
0
0
0
0
0
0
0
0
0
0
0
0
0
0
0
0
0
0
0
0
0
0
0
0
0
0
0
0
0
0
0
0
0
0
0
0
0
0
0
0
0
0
0
0
0
0
0
0
0
0
0
0
0
0
0
0
0
0
0
0
0
0
0
0
0
0
0
0
0
0
0
0
0
0
0
0
0
0
0
0
0
0
0
0
0
0
0
0
0
0
0
0
0
0
0
0
0
0
0
0
0
0
0
0
0
0
0
0
0
0
0
0
0
0
0
0
0
0
0
0
0
0
0
0
0
0
0
0
0
0
0
0
0
0
0
0
0
0
0
0
0
0
0
0
0
0
0
0
0
0
0
0
0
0
0
0
0
0
0
0
0
0
0
0
0
0
0
0
0
0
0
0
0
0
0
0
0
0
0
0
0
0
0
0
0
0
0
0
0
0
0
0
0
0
0
0
0
0
0
0
0
0
0
0
0
0
0
0
0
0
0
0
0
0
0
0
0
0
0
0
0
0
0
0
0
0
0
0
0
0
0
0
0
0
0
0
0
0
0
0
0
0
0
0
0
0
0
0
0
0
0
0
0
0
0
0
0
0
0
0
0
0
0
0
0
0
0
0
0
0
0
0
0
0
0
0
0
0
0
0
0
0
0
0
0
0
0
0
0
0
0
0
0
0
0
0
0
0
0
0
0
0
0
0
0
0
0
0
0
0
0
0
0
0
0
0
0
0
0
0
0
0
0
0
0
0
0
0
0
0
0
0
0
0
0
0
0
0
0
0
0
0
0
0
0
0
0
0
0
0
0
0
0
0
0
0
0
0
0
0
0
0
0
0
0
0
0
0
0
0
0
0
0
0
0
0
0
0
0
0
0
0
0
0
0
0
0
0
0
0
0
0
0
0
0
0
0
0
0
0
0
0
0
0
0
0
0
0
0
0
0
0
0
0
0
0
0
0
0
0
0
0
0
0
0
0
0
0
0
0
0
0
0
0
0
0
0
0
0
0
0
0
0
0
0
0
0
0
0
0
0
0
0
0
0
0
0
0
0
0
0
0
0
0
0
0
0
0
0
0
0
0
0
0
0
0
0
0
0
0
0
0
0
0
0
0
0
0
0
0
0
0
0
0
0
0
0
0
0
0
0
0
0
0
0
0
0
0
0
0
0
0
0
0
0
0
0
0
0
0
0
0
0
0
0
0
0
0
0
0
0
0
0
0
0
0
0
0
0
0
0
0
0
0
0
0
0
0
0
0
0
0
0
0
0
0
0
0
0
0
0
0
0
0
0
0
0
0
0
0
0
0
0
0
0
0
0
0
0
0
0
0
0
0
0
0
0
0
0
0
0
0
0
0
0
0
0
0
0
0
0
0
0
0
0
0
0
0
0
0
0
0
0
0
0
0
0
0
0
0
0
0
0
0
0
0
0
0
0
0
0
0
0
0
0
0
0
0
0
0
0
0
0
0
0
0
0
0
0
0
0
0
0
0
0
0
0
0
0
0
0
0
0
0
0
0
0
0
0
0
0
0
0
0
0
0
0
0
0
0
0
0
0
0
0
0
0
0
0
0
0
0
0
0
0
0
0
0
0
0
0
0
0
0
0
0
0
0
0
0
0
0
0
0
0
0
0
0
0
0
0
0
0
0
0
0
0
0
0
0
0
0
0
0
0
0
0
0
0
0
0
0
0
0
0
0
0
0
0
0
0
0
0
0
0
0
0
0
0
0
0
0
0
0
0
0
0
0
0
0
0
0
0
0
0
0
0
0
0
0
0
0
0
0
0
0
0
0
0
0
0
0
0
0
0
0
0
0
0
0
0
0
0
0
0
0
0
0
0
0
0
0
0
0
0
0
0
0
0
0
0
0
0
0
0
0
0
0
0
0
0
0
0
0
0
0
0
0
0
0
0
0
0
0
0
0
0
0
0
0
0
0
0
0
0
0
0
0
0
0
0
0
0
0
0
0
0
0
0
0
0
0
0
0
0
0
0
0
0
0
0
0
0
0
0
0
0
0
0
0
0
0
0
0
0
0
0
0
0
0
0
0
0
0
0
0
0
0
0
0
0
0
0
0
0
0
0
0
0
0
0
0
0
0
0
0
0
0
0
0
0
0
0
0
0
0
0
0
0
0
0
0
0
0
0
0
0
0
0
0
0
0
0
0
0
0
0
0
0
0
0
0
0
0
0
0
0
0
0
0
0
0
0
0
0
0
0
0
0
0
0
0
0
0
0
0
0
0
0
0
0
0
0
0
0
0
0
0
0
0
0
0
0
0
0
0
0
0
0
0
0
0
0
0
0
0
0
0
0
0
0
0
0
0
0
0
0
0
0
0
0
0
0
0
0
0
0
0
0
0
0
0
0
0
0
0
0
0
0
0
0
0
0
0
0
0
0
0
0
0
0
0
0
0
0
0
0
0
0
0
0
0
0
0
0
0
0
0
0
0
0
0
0
0
0
0
0
0
0
0
0
0
0
0
0
0
0
0
0
0
0
0
0
0
0
0
0
0
0
0
0
0
0
0
0
0
0
0
0
0
0
0
0
0
0
0
0
0
0
0
0
0
0
0
0
0
0
0
0
0
0
0
0
0
0
0
0
0
0
0
0
0
0
0
0
0
0
0
0
0
0
0
0
0
0
0
0
0
0
0
0
0
0
0
0
0
0
0
0
0
0
0
0
0
0
0
0
0
0
0
0
0
0
0
0
0
0
0
0
0
0
0
0
0
0
0
0
0
0
0
0
0
0
0
0
0
0
0
0
0
0
0
0
0
0
0
0
0
0
0
0
0
0
0
0
0
0
0
0
0
0
0
0
0
0
0
0
0
0
0
0
0
0
0
0
0
0
0
0
0
0
0
0
0
0
0
0
0
0
0
0
0
0
0
0
0
0
0
0
0
0
0
0
0
0
0
0
0
0
0
0
0
0
0
0
0
0
0
0
0
0
0
0
0
0
0
0
0
0
0
0
0
0
0
0
0
0
0
0
0
0
0
0
0
0
0
0
0
0
0
0
0
0
0
0
0
0
0
0
0
0
0
0
0
0
0
0
0
0
0
0
0
0
0
0
0
0
0
0
0
0
0
0
0
0
0
0
0
0
0
0
0
0
0
0
0
0
0
0
0
0
0
0
0
0
0
0
0
0
0
0
0
0
0
0
0
0
0
0
0
0
0
0
0
0
0
0
0
0
0
0
0
0
0
0
0
0
0
0
0
0
0
0
0
0
0
0
0
0
0
0
0
0
0
0
0
0
0
0
0
0
0
0
0
0
0
0
0
0
0
0
0
0
0
0
0
0
0
0
0
0
0
0
0
0
0
0
0
0
0
0
0
0
0
0
0
0
0
0
0
0
0
0
0
0
0
0
0
0
0
0
0
0
0
0
0
0
0
0
0
0
0
0
0
0
0
0
0
0
0
0
0
0
0
0
0
0
0
0
0
0
0
0
0
0
0
0
0
0
0
0
0
0
0
0
0
0
0
0
0
0
0
0
0
0
0
0
0
0
0
0
0
0
0
0
0
0
0
0
0
0
0
0
0
0
0
0
0
0
0
0
0
0
0
0
0
0
0
0
0
0
0
0
0
0
0
0
0
0
0
0
0
0
0
0
0
0
0
0
0
0
0
0
0
0
0
0
0
0
0
0
0
0
0
0
0
0
0
0
0
0
0
0
0
0
0
0
0
0
0
0
0
0
0
0
0
0
0
0
0
0
0
0
0
0
0
0
0
0
0
0
0
0
0
0
0
0
0
0
0
0
0
0
0
0
0
0
0
0
0
0
0
0
0
0
0
0
0
0
0
0
0
0
0
0
0
0
0
0
0
0
0
0
0
0
0
0
0
0
0
0
0
0
0
0
0
0
0
0
0
0
0
0
0
0
0
0
0
0
0
0
0
0
0
0
0
0
0
0
0
0
0
0
0
0
0
0
0
0
0
0
0
0
0
0
0
0
0
0
0
0
0
0
0
0
0
0
0
0
0
0
0
0
0
0
0
0
0
0
0
0
0
0
0
0
0
0
0
0
0
0
0
0
0
0
0
0
0
0
0
0
0
0
0
0
0
0
0
0
0
0
0
0
0
0
0
0
0
0
0
0
0
0
0
0
0
0
0
0
0
0
0
0
0
0
0
0
0
0
0
0
0
0
0
0
0
0
0
0
0
0
0
0
0
0
0
0
0
0
0
0
0
0
0
0
0
0
0
0
0
0
0
0
0
0
0
0
0
0
0
0
0
0
0
0
0
0
0
0
0
0
0
0
0
0
0
0
0
0
0
0
0
0
0
0
0
0
0
0
0
0
0
0
0
0
0
0
0
0
0
0
0
0
0
0
0
0
0
0
0
0
0
0
0
0
0
0
0
0
0
0
0
0
0
0
0
0
0
0
0
0
0
0
0
0
0
0
0
0
0
0
0
0
0
0
0
0
0
0
0
0
0
0
0
0
0
0
0
0
0
0
0
0
0
0
0
0
0
0
0
0
0
0
0
0
0
0
0
0
0
0
0
0
0
0
0
0
0
0
0
0
0
0
0
0
0
0
0
0
0
0
0
0
0
0
0
0
0
0
0
0
0
0
0
0
0
0
0
0
0
0
0
0
0
0
0
0
0
0
0
0
0
0
0
0
0
0
0
0
0
0
0
0
0
0
0
0
0
0
0
0
0
0
0
0
0
0
0
0
0
0
0
0
0
0
0
0
0
0
0
0
0
0
0
0
0
0
0
0
0
0
0
0
0
0
0
0
0
0
0
0
0
0
0
0
0
0
0
0
0
0
0
0
0
0
0
0
0
0
0
0
0
0
0
0
0
0
0
0
0
0
0
0
0
0
0
0
0
0
0
0
0
0
0
0
0
0
0
0
0
0
0
0
0
0
0
0
0
0
0
0
0
0
0
0
0
0
0
0
0
0
0
0
0
0
0
0
0
0
0
0
0
0
0
0
0
0
0
0
0
0
0
0
0
0
0
0
0
0
0
0
0
0
0
0
0
0
0
0
0
0
0
0
0
0
0
0
0
0
0
0
0
0
0
0
0
0
0
0
0
0
0
0
0
0
0
0
0
0
0
0
0
0
0
0
0
0
0
0
0
0
0
0
0
0
0
0
0
0
0
0
0
0
0
0
0
0
0
0
0
0
0
0
0
0
0
0
0
0
0
0
0
0
0
0
0
0
0
0
0
0
0
0
0
0
0
0
0
0
0
0
0
0
0
0
0
0
0
0
0
0
0
0
0
0
0
0
0
0
0
0
0
0
0
0
0
0
0
0
0
0
0
0
0
0
0
0
0
0
0
0
0
0
0
0
0
0
0
0
0
0
0
0
0
0
0
0
0
0
0
0
0
0
0
0
0
0
0
0
0
0
0
0
0
0
0
0
0
0
0
0
0
0
0
0
0
0
0
0
0
0
0
0
0
0
0
0
0
0
0
0
0
0
0
0
0
0
0
0
0
0
0
0
0
0
0
0
0
0
0
0
0
0
0
0
0
0
0
0
0
0
0
0
0
0
0
0
0
0
0
0
0
0
0
0
0
0
0
0
0
0
0
0
0
0
0
0
0
0
0
0
0
0
0
0
0
0
0
0
0
0
0
0
0
0
0
0
0
0
0
0
0
0
0
0
0
0
0
0
0
0
0
0
0
0
0
0
0
0
0
0
0
0
0
0
0
0
0
0
0
0
0
0
0
0
0
0
0
0
0
0
0
0
0
0
0
0
0
0
0
0
0
0
0
0
0
0
0
0
0
0
0
0
0
0
0
0
0
0
0
0
0
0
0
0
0
0
0
0
0
0
0
0
0
0
0
0
0
0
0
0
0
0
0
0
0
0
0
0
0
0
0
0
0
0
0
0
0
0
0
0
0
0
0
0
0
0
0
0
0
0
0
0
0
0
0
0
0
0
0
0
0
0
0
0
0
0
0
0
0
0
0
0
0
0
0
0
0
0
0
0
0
0
0
0
0
0
0
0
0
0
0
0
0
0
0
0
0
0
0
0
0
0
0
0
0
0
0
0
0
0
0
0
0
0
0
0
0
0
0
0
0
0
0
0
0
0
0
0
0
0
0
0
0
0
0
0
0
0
0
0
0
0
0
0
0
0
0
0
0
0
0
0
0
0
0
0
0
0
0
0
0
0
0
0
0
0
0
0
0
0
0
0
0
0
0
0
0
0
0
0
0
0
0
0
0
0
0
0
0
0
0
0
0
0
0
0
0
0
0
0
0
0
0
0
0
0
0
0
0
0
0
0
0
0
0
0
0
0
0
0
0
0
0
0
0
0
0
0
0
0
0
0
0
0
0
0
0
0
0
0
0
0
0
0
0
0
0
0
0
0
0
0
0
0
0
0
0
0
0
0
0
0
0
0
0
0
0
0
0
0
0
0
0
0
0
0
0
0
0
0
0
0
0
0
0
0
0
0
0
0
0
0
0
0
0
0
0
0
0
0
0
0
0
0
0
0
0
0
0
0
0
0
0
0
0
0
0
0
0
0
0
0
0
0
0
0
0
0
0
0
0
0
0
0
0
0
0
0
0
0
0
0
0
0
0
0
0
0
0
0
0
0
0
0
0
0
0
0
0
0
0
0
0
0
0
0
0
0
0
0
0
0
0
0
0
0
0
0
0
0
0
0
0
0
0
0
0
0
0
0
0
0
0
0
0
0
0
0
0
0
0
0
0
0
0
0
0
0
0
0
0
0
0
0
0
0
0
0
0
0
0
0
0
0
0
0
0
0
0
0
0
0
0
0
0
0
0
0
0
0
0
0
0
0
0
0
0
0
0
0
0
0
0
0
0
0
0
0
0
0
0
0
0
0
0
0
0
0
0
0
0
0
0
0
0
0
0
0
0
0
0
0
0
0
0
0
0
0
0
0
0
0
0
0
0
0
0
0
0
0
0
0
0
0
0
0
0
0
0
0
0
0
0
0
0
0
0
0
0
0
0
0
0
0
0
0
0
0
0
0
0
0
0
0
0
0
0
0
0
0
0
0
0
0
0
0
0
0
0
0
0
0
0
0
0
0
0
0
0
0
0
0
0
0
0
0
0
0
0
0
0
0
0
0
0
0
0
0
0
0
0
0
0
0
0
0
0
0
0
0
0
0
0
0
0
0
0
0
0
0
0
0
0
0
0
0
0
0
0
0
0
0
0
0
0
0
0
0
0
0
0
0
0
0
0
0
0
0
0
0
0
0
0
0
0
0
0
0
0
0
0
0
0
0
0
0
0
0
0
0
0
0
0
0
0
0
0
0
0
0
0
0
0
0
0
0
0
0
0
0
0
0
0
0
0
0
0
0
0
0
0
0
0
0
0
0
0
0
0
0
0
0
0
0
0
0
0
0
0
0
0
0
0
0
0
0
0
0
0
0
0
0
0
0
0
0
0
0
0
0
0
0
0
0
0
0
0
0
0
0
0
0
0
0
0
0
0
0
0
0
0
0
0
0
0
0
0
0
0
0
0
0
0
0
0
0
0
0
0
0
0
0
0
0
0
0
0
0
0
0
0
0
0
0
0
0
0
0
0
0
0
0
0
0
0
0
0
0
0
0
0
0
0
0
0
0
0
0
0
0
0
0
0
0
0
0
0
0
0
0
0
0
0
0
0
0
0
0
0
0
0
0
0
0
0
0
0
0
0
0
0
0
0
0
0
0
0
0
0
0
0
0
0
0
0
0
0
0
0
0
0
0
0
0
0
0
0
0
0
0
0
0
0
0
0
0
0
0
0
0
0
0
0
0
0
0
0
0
0
0
0
0
0
0
0
0
0
0
0
0
0
0
0
0
0
0
0
0
0
0
0
0
0
0
0
0
0
0
0
0
0
0
0
0
0
0
0
0
0
0
0
0
0
0
0
0
0
0
0
0
0
0
0
0
0
0
0
0
0
0
0
0
0
0
0
0
0
0
0
0
0
0
0
0
0
0
0
0
0
0
0
0
0
0
0
0
0
0
0
0
0
0
0
0
0
0
0
0
0
0
0
0
0
0
0
0
0
0
0
0
0
0
0
0
0
0
0
0
0
0
0
0
0
0
0
0
0
0
0
0
0
0
0
0
0
0
0
0
0
0
0
0
0
0
0
0
0
0
0
0
0
0
0
0
0
0
0
0
0
0
0
0
0
0
0
0
0
0
0
0
0
0
0
0
0
0
0
0
0
0
0
0
0
0
0
0
0
0
0
0
0
0
0
0
0
0
0
0
0
0
0
0
0
0
0
0
0
0
0
0
0
0
0
0
0
0
0
0
0
0
0
0
0
0
0
0
0
0
0
0
0
0
0
0
0
0
0
0
0
0
0
0
0
0
0
0
0
0
0
0
0
0
0
0
0
0
0
0
0
0
0
0
0
0
0
0
0
0
0
0
0
0
0
0
0
0
0
0
0
0
0
0
0
0
0
0
0
0
0
0
0
0
0
0
0
0
0
0
0
0
0
0
0
0
0
0
0
0
0
0
0
0
0
0
0
0
0
0
0
0
0
0
0
0
0
0
0
0
0
0
0
0
0
0
0
0
0
0
0
0
0
0
0
0
0
0
0
0
0
0
0
0
0
0
0
0
0
0
0
0
0
0
0
0
0
0
0
0
0
0
0
0
0
0
0
0
0
0
0
0
0
0
0
0
0
0
0
0
0
0
0
0
0
0
0
0
0
0
0
0
0
0
0
0
0
0
0
0
0
0
0
0
0
0
0
0
0
0
0
0
0
0
0
0
0
0
0
0
0
0
0
0
0
0
0
0
0
0
0
0
0
0
0
0
0
0
0
0
0
0
0
0
0
0
0
0
0
0
0
0
